num	lon	lat
1	0	0
1	0.4488	0.054153
1	1.3464	0.054153
1	2.244	0.054153
1	3.1416	0.054153
1	4.0392	0.054153
1	4.9368	0.054153
1	5.8344	0.054153
1	0.1122	0.1033
1	0.6358	0.1033
1	1.1594	0.1033
1	1.683	0.1033
1	2.2066	0.1033
1	2.7302	0.1033
1	3.2538	0.1033
1	3.7774	0.1033
1	4.301	0.1033
1	4.8246	0.1033
1	5.3482	0.1033
1	5.8718	0.1033
1	6.2163	0.15172
1	0.26377	0.15172
1	0.59446	0.15172
1	0.92516	0.15172
1	1.2558	0.15172
1	1.5865	0.15172
1	1.9172	0.15172
1	2.2479	0.15172
1	2.5786	0.15172
1	2.9093	0.15172
1	3.24	0.15172
1	3.5707	0.15172
1	3.9014	0.15172
1	4.2321	0.15172
1	4.5628	0.15172
1	4.8935	0.15172
1	5.2242	0.15172
1	5.5549	0.15172
1	5.8856	0.15172
1	6.1435	0.20181
1	0.11165	0.20181
1	0.36298	0.20181
1	0.6143	0.20181
1	0.86563	0.20181
1	1.117	0.20181
1	1.3683	0.20181
1	1.6196	0.20181
1	1.8709	0.20181
1	2.1223	0.20181
1	2.3736	0.20181
1	2.6249	0.20181
1	2.8763	0.20181
1	3.1276	0.20181
1	3.3789	0.20181
1	3.6302	0.20181
1	3.8816	0.20181
1	4.1329	0.20181
1	4.3842	0.20181
1	4.6355	0.20181
1	4.8869	0.20181
1	5.1382	0.20181
1	5.3895	0.20181
1	5.6409	0.20181
1	5.8922	0.20181
1	6.0989	0.25166
1	0.018414	0.25166
1	0.2211	0.25166
1	0.42378	0.25166
1	0.62646	0.25166
1	0.82915	0.25166
1	1.0318	0.25166
1	1.2345	0.25166
1	1.4372	0.25166
1	1.6399	0.25166
1	1.8426	0.25166
1	2.0452	0.25166
1	2.2479	0.25166
1	2.4506	0.25166
1	2.6533	0.25166
1	2.856	0.25166
1	3.0587	0.25166
1	3.2613	0.25166
1	3.464	0.25166
1	3.6667	0.25166
1	3.8694	0.25166
1	4.0721	0.25166
1	4.2748	0.25166
1	4.4774	0.25166
1	4.6801	0.25166
1	4.8828	0.25166
1	5.0855	0.25166
1	5.2882	0.25166
1	5.4909	0.25166
1	5.6935	0.25166
1	5.8962	0.25166
1	6.0688	0.30149
1	6.2386	0.30149
1	0.12523	0.30149
1	0.29505	0.30149
1	0.46487	0.30149
1	0.63468	0.30149
1	0.8045	0.30149
1	0.97431	0.30149
1	1.1441	0.30149
1	1.3139	0.30149
1	1.4838	0.30149
1	1.6536	0.30149
1	1.8234	0.30149
1	1.9932	0.30149
1	2.163	0.30149
1	2.3328	0.30149
1	2.5027	0.30149
1	2.6725	0.30149
1	2.8423	0.30149
1	3.0121	0.30149
1	3.1819	0.30149
1	3.3517	0.30149
1	3.5216	0.30149
1	3.6914	0.30149
1	3.8612	0.30149
1	4.031	0.30149
1	4.2008	0.30149
1	4.3706	0.30149
1	4.5404	0.30149
1	4.7103	0.30149
1	4.8801	0.30149
1	5.0499	0.30149
1	5.2197	0.30149
1	5.3895	0.30149
1	5.5593	0.30149
1	5.7292	0.30149
1	5.899	0.30149
1	6.0471	0.3514
1	6.1932	0.3514
1	0.056123	0.3514
1	0.20224	0.3514
1	0.34836	0.3514
1	0.49448	0.3514
1	0.64061	0.3514
1	0.78673	0.3514
1	0.93285	0.3514
1	1.079	0.3514
1	1.2251	0.3514
1	1.3712	0.3514
1	1.5173	0.3514
1	1.6634	0.3514
1	1.8096	0.3514
1	1.9557	0.3514
1	2.1018	0.3514
1	2.2479	0.3514
1	2.3941	0.3514
1	2.5402	0.3514
1	2.6863	0.3514
1	2.8324	0.3514
1	2.9785	0.3514
1	3.1247	0.3514
1	3.2708	0.3514
1	3.4169	0.3514
1	3.563	0.3514
1	3.7091	0.3514
1	3.8553	0.3514
1	4.0014	0.3514
1	4.1475	0.3514
1	4.2936	0.3514
1	4.4397	0.3514
1	4.5859	0.3514
1	4.732	0.3514
1	4.8781	0.3514
1	5.0242	0.3514
1	5.1703	0.3514
1	5.3165	0.3514
1	5.4626	0.3514
1	5.6087	0.3514
1	5.7548	0.3514
1	5.9009	0.3514
1	6.0307	0.40146
1	6.1589	0.40146
1	0.0039368	0.40146
1	0.13217	0.40146
1	0.26039	0.40146
1	0.38862	0.40146
1	0.51685	0.40146
1	0.64508	0.40146
1	0.77331	0.40146
1	0.90153	0.40146
1	1.0298	0.40146
1	1.158	0.40146
1	1.2862	0.40146
1	1.4144	0.40146
1	1.5427	0.40146
1	1.6709	0.40146
1	1.7991	0.40146
1	1.9274	0.40146
1	2.0556	0.40146
1	2.1838	0.40146
1	2.312	0.40146
1	2.4403	0.40146
1	2.5685	0.40146
1	2.6967	0.40146
1	2.825	0.40146
1	2.9532	0.40146
1	3.0814	0.40146
1	3.2096	0.40146
1	3.3379	0.40146
1	3.4661	0.40146
1	3.5943	0.40146
1	3.7226	0.40146
1	3.8508	0.40146
1	3.979	0.40146
1	4.1072	0.40146
1	4.2355	0.40146
1	4.3637	0.40146
1	4.4919	0.40146
1	4.6202	0.40146
1	4.7484	0.40146
1	4.8766	0.40146
1	5.0048	0.40146
1	5.1331	0.40146
1	5.2613	0.40146
1	5.3895	0.40146
1	5.5178	0.40146
1	5.646	0.40146
1	5.7742	0.40146
1	5.9024	0.40146
1	6.02	0.45131
1	6.1363	0.45131
1	6.2527	0.45131
1	0.08586	0.45131
1	0.20222	0.45131
1	0.31857	0.45131
1	0.43493	0.45131
1	0.55128	0.45131
1	0.66764	0.45131
1	0.78399	0.45131
1	0.90035	0.45131
1	1.0167	0.45131
1	1.1331	0.45131
1	1.2494	0.45131
1	1.3658	0.45131
1	1.4821	0.45131
1	1.5985	0.45131
1	1.7148	0.45131
1	1.8312	0.45131
1	1.9475	0.45131
1	2.0639	0.45131
1	2.1803	0.45131
1	2.2966	0.45131
1	2.413	0.45131
1	2.5293	0.45131
1	2.6457	0.45131
1	2.762	0.45131
1	2.8784	0.45131
1	2.9947	0.45131
1	3.1111	0.45131
1	3.2275	0.45131
1	3.3438	0.45131
1	3.4602	0.45131
1	3.5765	0.45131
1	3.6929	0.45131
1	3.8092	0.45131
1	3.9256	0.45131
1	4.0419	0.45131
1	4.1583	0.45131
1	4.2747	0.45131
1	4.391	0.45131
1	4.5074	0.45131
1	4.6237	0.45131
1	4.7401	0.45131
1	4.8564	0.45131
1	4.9728	0.45131
1	5.0891	0.45131
1	5.2055	0.45131
1	5.3218	0.45131
1	5.4382	0.45131
1	5.5546	0.45131
1	5.6709	0.45131
1	5.7873	0.45131
1	5.9036	0.45131
1	6.0142	0.50106
1	6.1189	0.50106
1	6.2236	0.50106
1	0.045136	0.50106
1	0.14986	0.50106
1	0.25458	0.50106
1	0.3593	0.50106
1	0.46402	0.50106
1	0.56873	0.50106
1	0.67345	0.50106
1	0.77817	0.50106
1	0.88289	0.50106
1	0.98761	0.50106
1	1.0923	0.50106
1	1.1971	0.50106
1	1.3018	0.50106
1	1.4065	0.50106
1	1.5112	0.50106
1	1.6159	0.50106
1	1.7207	0.50106
1	1.8254	0.50106
1	1.9301	0.50106
1	2.0348	0.50106
1	2.1395	0.50106
1	2.2443	0.50106
1	2.349	0.50106
1	2.4537	0.50106
1	2.5584	0.50106
1	2.6631	0.50106
1	2.7678	0.50106
1	2.8726	0.50106
1	2.9773	0.50106
1	3.082	0.50106
1	3.1867	0.50106
1	3.2914	0.50106
1	3.3962	0.50106
1	3.5009	0.50106
1	3.6056	0.50106
1	3.7103	0.50106
1	3.815	0.50106
1	3.9198	0.50106
1	4.0245	0.50106
1	4.1292	0.50106
1	4.2339	0.50106
1	4.3386	0.50106
1	4.4434	0.50106
1	4.5481	0.50106
1	4.6528	0.50106
1	4.7575	0.50106
1	4.8622	0.50106
1	4.967	0.50106
1	5.0717	0.50106
1	5.1764	0.50106
1	5.2811	0.50106
1	5.3858	0.50106
1	5.4906	0.50106
1	5.5953	0.50106
1	5.7	0.50106
1	5.8047	0.50106
1	5.9094	0.50106
1	6.0101	0.55088
1	6.1068	0.55088
1	6.2035	0.55088
1	0.016942	0.55088
1	0.11361	0.55088
1	0.21027	0.55088
1	0.30694	0.55088
1	0.4036	0.55088
1	0.50026	0.55088
1	0.59693	0.55088
1	0.69359	0.55088
1	0.79026	0.55088
1	0.88692	0.55088
1	0.98359	0.55088
1	1.0803	0.55088
1	1.1769	0.55088
1	1.2736	0.55088
1	1.3702	0.55088
1	1.4669	0.55088
1	1.5636	0.55088
1	1.6602	0.55088
1	1.7569	0.55088
1	1.8536	0.55088
1	1.9502	0.55088
1	2.0469	0.55088
1	2.1436	0.55088
1	2.2402	0.55088
1	2.3369	0.55088
1	2.4336	0.55088
1	2.5302	0.55088
1	2.6269	0.55088
1	2.7235	0.55088
1	2.8202	0.55088
1	2.9169	0.55088
1	3.0135	0.55088
1	3.1102	0.55088
1	3.2069	0.55088
1	3.3035	0.55088
1	3.4002	0.55088
1	3.4969	0.55088
1	3.5935	0.55088
1	3.6902	0.55088
1	3.7869	0.55088
1	3.8835	0.55088
1	3.9802	0.55088
1	4.0768	0.55088
1	4.1735	0.55088
1	4.2702	0.55088
1	4.3668	0.55088
1	4.4635	0.55088
1	4.5602	0.55088
1	4.6568	0.55088
1	4.7535	0.55088
1	4.8502	0.55088
1	4.9468	0.55088
1	5.0435	0.55088
1	5.1402	0.55088
1	5.2368	0.55088
1	5.3335	0.55088
1	5.4301	0.55088
1	5.5268	0.55088
1	5.6235	0.55088
1	5.7201	0.55088
1	5.8168	0.55088
1	5.9135	0.55088
1	6.0067	0.6005
1	6.0964	0.6005
1	6.1862	0.6005
1	6.276	0.6005
1	0.082536	0.6005
1	0.1723	0.6005
1	0.26206	0.6005
1	0.35182	0.6005
1	0.44158	0.6005
1	0.53133	0.6005
1	0.62109	0.6005
1	0.71085	0.6005
1	0.80061	0.6005
1	0.89037	0.6005
1	0.98013	0.6005
1	1.0699	0.6005
1	1.1597	0.6005
1	1.2494	0.6005
1	1.3392	0.6005
1	1.4289	0.6005
1	1.5187	0.6005
1	1.6085	0.6005
1	1.6982	0.6005
1	1.788	0.6005
1	1.8777	0.6005
1	1.9675	0.6005
1	2.0573	0.6005
1	2.147	0.6005
1	2.2368	0.6005
1	2.3265	0.6005
1	2.4163	0.6005
1	2.5061	0.6005
1	2.5958	0.6005
1	2.6856	0.6005
1	2.7753	0.6005
1	2.8651	0.6005
1	2.9548	0.6005
1	3.0446	0.6005
1	3.1344	0.6005
1	3.2241	0.6005
1	3.3139	0.6005
1	3.4036	0.6005
1	3.4934	0.6005
1	3.5832	0.6005
1	3.6729	0.6005
1	3.7627	0.6005
1	3.8524	0.6005
1	3.9422	0.6005
1	4.032	0.6005
1	4.1217	0.6005
1	4.2115	0.6005
1	4.3012	0.6005
1	4.391	0.6005
1	4.4808	0.6005
1	4.5705	0.6005
1	4.6603	0.6005
1	4.75	0.6005
1	4.8398	0.6005
1	4.9296	0.6005
1	5.0193	0.6005
1	5.1091	0.6005
1	5.1988	0.6005
1	5.2886	0.6005
1	5.3784	0.6005
1	5.4681	0.6005
1	5.5579	0.6005
1	5.6476	0.6005
1	5.7374	0.6005
1	5.8272	0.6005
1	5.9169	0.6005
1	6.0037	0.65006
1	6.0875	0.65006
1	6.1712	0.65006
1	6.255	0.65006
1	0.055608	0.65006
1	0.13938	0.65006
1	0.22316	0.65006
1	0.30694	0.65006
1	0.39071	0.65006
1	0.47449	0.65006
1	0.55826	0.65006
1	0.64204	0.65006
1	0.72581	0.65006
1	0.80959	0.65006
1	0.89337	0.65006
1	0.97714	0.65006
1	1.0609	0.65006
1	1.1447	0.65006
1	1.2285	0.65006
1	1.3122	0.65006
1	1.396	0.65006
1	1.4798	0.65006
1	1.5636	0.65006
1	1.6473	0.65006
1	1.7311	0.65006
1	1.8149	0.65006
1	1.8987	0.65006
1	1.9825	0.65006
1	2.0662	0.65006
1	2.15	0.65006
1	2.2338	0.65006
1	2.3176	0.65006
1	2.4013	0.65006
1	2.4851	0.65006
1	2.5689	0.65006
1	2.6527	0.65006
1	2.7364	0.65006
1	2.8202	0.65006
1	2.904	0.65006
1	2.9878	0.65006
1	3.0715	0.65006
1	3.1553	0.65006
1	3.2391	0.65006
1	3.3229	0.65006
1	3.4066	0.65006
1	3.4904	0.65006
1	3.5742	0.65006
1	3.658	0.65006
1	3.7417	0.65006
1	3.8255	0.65006
1	3.9093	0.65006
1	3.9931	0.65006
1	4.0768	0.65006
1	4.1606	0.65006
1	4.2444	0.65006
1	4.3282	0.65006
1	4.4119	0.65006
1	4.4957	0.65006
1	4.5795	0.65006
1	4.6633	0.65006
1	4.7471	0.65006
1	4.8308	0.65006
1	4.9146	0.65006
1	4.9984	0.65006
1	5.0822	0.65006
1	5.1659	0.65006
1	5.2497	0.65006
1	5.3335	0.65006
1	5.4173	0.65006
1	5.501	0.65006
1	5.5848	0.65006
1	5.6686	0.65006
1	5.7524	0.65006
1	5.8361	0.65006
1	5.9199	0.65006
1	5.999	0.7
1	6.0766	0.7
1	6.1542	0.7
1	6.2317	0.7
1	0.026131	0.7
1	0.1037	0.7
1	0.18127	0.7
1	0.25884	0.7
1	0.33641	0.7
1	0.41398	0.7
1	0.49155	0.7
1	0.56912	0.7
1	0.64669	0.7
1	0.72426	0.7
1	0.80183	0.7
1	0.8794	0.7
1	0.95697	0.7
1	1.0345	0.7
1	1.1121	0.7
1	1.1897	0.7
1	1.2673	0.7
1	1.3448	0.7
1	1.4224	0.7
1	1.5	0.7
1	1.5775	0.7
1	1.6551	0.7
1	1.7327	0.7
1	1.8102	0.7
1	1.8878	0.7
1	1.9654	0.7
1	2.043	0.7
1	2.1205	0.7
1	2.1981	0.7
1	2.2757	0.7
1	2.3532	0.7
1	2.4308	0.7
1	2.5084	0.7
1	2.5859	0.7
1	2.6635	0.7
1	2.7411	0.7
1	2.8187	0.7
1	2.8962	0.7
1	2.9738	0.7
1	3.0514	0.7
1	3.1289	0.7
1	3.2065	0.7
1	3.2841	0.7
1	3.3616	0.7
1	3.4392	0.7
1	3.5168	0.7
1	3.5944	0.7
1	3.6719	0.7
1	3.7495	0.7
1	3.8271	0.7
1	3.9046	0.7
1	3.9822	0.7
1	4.0598	0.7
1	4.1374	0.7
1	4.2149	0.7
1	4.2925	0.7
1	4.3701	0.7
1	4.4476	0.7
1	4.5252	0.7
1	4.6028	0.7
1	4.6803	0.7
1	4.7579	0.7
1	4.8355	0.7
1	4.9131	0.7
1	4.9906	0.7
1	5.0682	0.7
1	5.1458	0.7
1	5.2233	0.7
1	5.3009	0.7
1	5.3785	0.7
1	5.456	0.7
1	5.5336	0.7
1	5.6112	0.7
1	5.6888	0.7
1	5.7663	0.7
1	5.8439	0.7
1	5.9215	0.7
1	5.9977	0.7498
1	6.0725	0.7498
1	6.1473	0.7498
1	6.2221	0.7498
1	0.013665	0.7498
1	0.088465	0.7498
1	0.16326	0.7498
1	0.23806	0.7498
1	0.31286	0.7498
1	0.38766	0.7498
1	0.46246	0.7498
1	0.53726	0.7498
1	0.61206	0.7498
1	0.68686	0.7498
1	0.76166	0.7498
1	0.83646	0.7498
1	0.91126	0.7498
1	0.98606	0.7498
1	1.0609	0.7498
1	1.1357	0.7498
1	1.2105	0.7498
1	1.2853	0.7498
1	1.3601	0.7498
1	1.4349	0.7498
1	1.5097	0.7498
1	1.5845	0.7498
1	1.6593	0.7498
1	1.7341	0.7498
1	1.8089	0.7498
1	1.8837	0.7498
1	1.9585	0.7498
1	2.0333	0.7498
1	2.1081	0.7498
1	2.1829	0.7498
1	2.2577	0.7498
1	2.3325	0.7498
1	2.4073	0.7498
1	2.4821	0.7498
1	2.5569	0.7498
1	2.6317	0.7498
1	2.7065	0.7498
1	2.7813	0.7498
1	2.8561	0.7498
1	2.9309	0.7498
1	3.0057	0.7498
1	3.0805	0.7498
1	3.1553	0.7498
1	3.2301	0.7498
1	3.3049	0.7498
1	3.3797	0.7498
1	3.4545	0.7498
1	3.5293	0.7498
1	3.6041	0.7498
1	3.6789	0.7498
1	3.7537	0.7498
1	3.8285	0.7498
1	3.9033	0.7498
1	3.9781	0.7498
1	4.0529	0.7498
1	4.1277	0.7498
1	4.2025	0.7498
1	4.2773	0.7498
1	4.3521	0.7498
1	4.4269	0.7498
1	4.5017	0.7498
1	4.5765	0.7498
1	4.6513	0.7498
1	4.7261	0.7498
1	4.8009	0.7498
1	4.8757	0.7498
1	4.9505	0.7498
1	5.0253	0.7498
1	5.1001	0.7498
1	5.1749	0.7498
1	5.2497	0.7498
1	5.3245	0.7498
1	5.3993	0.7498
1	5.4741	0.7498
1	5.5489	0.7498
1	5.6237	0.7498
1	5.6985	0.7498
1	5.7733	0.7498
1	5.8481	0.7498
1	5.9229	0.7498
1	5.9952	0.79956
1	6.065	0.79956
1	6.1348	0.79956
1	6.2046	0.79956
1	6.2744	0.79956
1	0.061038	0.79956
1	0.13085	0.79956
1	0.20066	0.79956
1	0.27048	0.79956
1	0.34029	0.79956
1	0.4101	0.79956
1	0.47992	0.79956
1	0.54973	0.79956
1	0.61954	0.79956
1	0.68936	0.79956
1	0.75917	0.79956
1	0.82898	0.79956
1	0.8988	0.79956
1	0.96861	0.79956
1	1.0384	0.79956
1	1.1082	0.79956
1	1.178	0.79956
1	1.2479	0.79956
1	1.3177	0.79956
1	1.3875	0.79956
1	1.4573	0.79956
1	1.5271	0.79956
1	1.5969	0.79956
1	1.6667	0.79956
1	1.7366	0.79956
1	1.8064	0.79956
1	1.8762	0.79956
1	1.946	0.79956
1	2.0158	0.79956
1	2.0856	0.79956
1	2.1554	0.79956
1	2.2252	0.79956
1	2.2951	0.79956
1	2.3649	0.79956
1	2.4347	0.79956
1	2.5045	0.79956
1	2.5743	0.79956
1	2.6441	0.79956
1	2.7139	0.79956
1	2.7838	0.79956
1	2.8536	0.79956
1	2.9234	0.79956
1	2.9932	0.79956
1	3.063	0.79956
1	3.1328	0.79956
1	3.2026	0.79956
1	3.2724	0.79956
1	3.3423	0.79956
1	3.4121	0.79956
1	3.4819	0.79956
1	3.5517	0.79956
1	3.6215	0.79956
1	3.6913	0.79956
1	3.7611	0.79956
1	3.8309	0.79956
1	3.9008	0.79956
1	3.9706	0.79956
1	4.0404	0.79956
1	4.1102	0.79956
1	4.18	0.79956
1	4.2498	0.79956
1	4.3196	0.79956
1	4.3895	0.79956
1	4.4593	0.79956
1	4.5291	0.79956
1	4.5989	0.79956
1	4.6687	0.79956
1	4.7385	0.79956
1	4.8083	0.79956
1	4.8781	0.79956
1	4.948	0.79956
1	5.0178	0.79956
1	5.0876	0.79956
1	5.1574	0.79956
1	5.2272	0.79956
1	5.297	0.79956
1	5.3668	0.79956
1	5.4367	0.79956
1	5.5065	0.79956
1	5.5763	0.79956
1	5.6461	0.79956
1	5.7159	0.79956
1	5.7857	0.79956
1	5.8555	0.79956
1	5.9253	0.79956
1	5.994	0.84944
1	6.0616	0.84944
1	6.1292	0.84944
1	6.1967	0.84944
1	6.2643	0.84944
1	0.048652	0.84944
1	0.11621	0.84944
1	0.18377	0.84944
1	0.25134	0.84944
1	0.3189	0.84944
1	0.38646	0.84944
1	0.45402	0.84944
1	0.52158	0.84944
1	0.58914	0.84944
1	0.6567	0.84944
1	0.72426	0.84944
1	0.79182	0.84944
1	0.85939	0.84944
1	0.92695	0.84944
1	0.99451	0.84944
1	1.0621	0.84944
1	1.1296	0.84944
1	1.1972	0.84944
1	1.2648	0.84944
1	1.3323	0.84944
1	1.3999	0.84944
1	1.4674	0.84944
1	1.535	0.84944
1	1.6026	0.84944
1	1.6701	0.84944
1	1.7377	0.84944
1	1.8052	0.84944
1	1.8728	0.84944
1	1.9404	0.84944
1	2.0079	0.84944
1	2.0755	0.84944
1	2.143	0.84944
1	2.2106	0.84944
1	2.2782	0.84944
1	2.3457	0.84944
1	2.4133	0.84944
1	2.4809	0.84944
1	2.5484	0.84944
1	2.616	0.84944
1	2.6835	0.84944
1	2.7511	0.84944
1	2.8187	0.84944
1	2.8862	0.84944
1	2.9538	0.84944
1	3.0213	0.84944
1	3.0889	0.84944
1	3.1565	0.84944
1	3.224	0.84944
1	3.2916	0.84944
1	3.3591	0.84944
1	3.4267	0.84944
1	3.4943	0.84944
1	3.5618	0.84944
1	3.6294	0.84944
1	3.697	0.84944
1	3.7645	0.84944
1	3.8321	0.84944
1	3.8996	0.84944
1	3.9672	0.84944
1	4.0348	0.84944
1	4.1023	0.84944
1	4.1699	0.84944
1	4.2374	0.84944
1	4.305	0.84944
1	4.3726	0.84944
1	4.4401	0.84944
1	4.5077	0.84944
1	4.5752	0.84944
1	4.6428	0.84944
1	4.7104	0.84944
1	4.7779	0.84944
1	4.8455	0.84944
1	4.9131	0.84944
1	4.9806	0.84944
1	5.0482	0.84944
1	5.1157	0.84944
1	5.1833	0.84944
1	5.2509	0.84944
1	5.3184	0.84944
1	5.386	0.84944
1	5.4535	0.84944
1	5.5211	0.84944
1	5.5887	0.84944
1	5.6562	0.84944
1	5.7238	0.84944
1	5.7913	0.84944
1	5.8589	0.84944
1	5.9265	0.84944
1	5.9916	0.899
1	6.0564	0.899
1	6.1211	0.899
1	6.1859	0.899
1	6.2507	0.899
1	0.032284	0.899
1	0.097059	0.899
1	0.16183	0.899
1	0.22661	0.899
1	0.29138	0.899
1	0.35616	0.899
1	0.42093	0.899
1	0.48571	0.899
1	0.55048	0.899
1	0.61526	0.899
1	0.68003	0.899
1	0.74481	0.899
1	0.80959	0.899
1	0.87436	0.899
1	0.93914	0.899
1	1.0039	0.899
1	1.0687	0.899
1	1.1335	0.899
1	1.1982	0.899
1	1.263	0.899
1	1.3278	0.899
1	1.3926	0.899
1	1.4573	0.899
1	1.5221	0.899
1	1.5869	0.899
1	1.6517	0.899
1	1.7164	0.899
1	1.7812	0.899
1	1.846	0.899
1	1.9108	0.899
1	1.9755	0.899
1	2.0403	0.899
1	2.1051	0.899
1	2.1699	0.899
1	2.2346	0.899
1	2.2994	0.899
1	2.3642	0.899
1	2.429	0.899
1	2.4937	0.899
1	2.5585	0.899
1	2.6233	0.899
1	2.6881	0.899
1	2.7528	0.899
1	2.8176	0.899
1	2.8824	0.899
1	2.9472	0.899
1	3.0119	0.899
1	3.0767	0.899
1	3.1415	0.899
1	3.2063	0.899
1	3.271	0.899
1	3.3358	0.899
1	3.4006	0.899
1	3.4654	0.899
1	3.5301	0.899
1	3.5949	0.899
1	3.6597	0.899
1	3.7245	0.899
1	3.7892	0.899
1	3.854	0.899
1	3.9188	0.899
1	3.9836	0.899
1	4.0483	0.899
1	4.1131	0.899
1	4.1779	0.899
1	4.2427	0.899
1	4.3074	0.899
1	4.3722	0.899
1	4.437	0.899
1	4.5018	0.899
1	4.5665	0.899
1	4.6313	0.899
1	4.6961	0.899
1	4.7609	0.899
1	4.8256	0.899
1	4.8904	0.899
1	4.9552	0.899
1	5.02	0.899
1	5.0847	0.899
1	5.1495	0.899
1	5.2143	0.899
1	5.2791	0.899
1	5.3438	0.899
1	5.4086	0.899
1	5.4734	0.899
1	5.5382	0.899
1	5.6029	0.899
1	5.6677	0.899
1	5.7325	0.899
1	5.7973	0.899
1	5.862	0.899
1	5.9268	0.899
1	5.9893	0.94865
1	6.0516	0.94865
1	6.1138	0.94865
1	6.176	0.94865
1	6.2382	0.94865
1	0.017212	0.94865
1	0.079422	0.94865
1	0.14163	0.94865
1	0.20384	0.94865
1	0.26605	0.94865
1	0.32826	0.94865
1	0.39047	0.94865
1	0.45268	0.94865
1	0.51489	0.94865
1	0.5771	0.94865
1	0.63931	0.94865
1	0.70152	0.94865
1	0.76373	0.94865
1	0.82594	0.94865
1	0.88815	0.94865
1	0.95036	0.94865
1	1.0126	0.94865
1	1.0748	0.94865
1	1.137	0.94865
1	1.1992	0.94865
1	1.2614	0.94865
1	1.3236	0.94865
1	1.3858	0.94865
1	1.448	0.94865
1	1.5102	0.94865
1	1.5725	0.94865
1	1.6347	0.94865
1	1.6969	0.94865
1	1.7591	0.94865
1	1.8213	0.94865
1	1.8835	0.94865
1	1.9457	0.94865
1	2.0079	0.94865
1	2.0701	0.94865
1	2.1323	0.94865
1	2.1946	0.94865
1	2.2568	0.94865
1	2.319	0.94865
1	2.3812	0.94865
1	2.4434	0.94865
1	2.5056	0.94865
1	2.5678	0.94865
1	2.63	0.94865
1	2.6922	0.94865
1	2.7544	0.94865
1	2.8167	0.94865
1	2.8789	0.94865
1	2.9411	0.94865
1	3.0033	0.94865
1	3.0655	0.94865
1	3.1277	0.94865
1	3.1899	0.94865
1	3.2521	0.94865
1	3.3143	0.94865
1	3.3765	0.94865
1	3.4387	0.94865
1	3.501	0.94865
1	3.5632	0.94865
1	3.6254	0.94865
1	3.6876	0.94865
1	3.7498	0.94865
1	3.812	0.94865
1	3.8742	0.94865
1	3.9364	0.94865
1	3.9986	0.94865
1	4.0608	0.94865
1	4.1231	0.94865
1	4.1853	0.94865
1	4.2475	0.94865
1	4.3097	0.94865
1	4.3719	0.94865
1	4.4341	0.94865
1	4.4963	0.94865
1	4.5585	0.94865
1	4.6207	0.94865
1	4.6829	0.94865
1	4.7452	0.94865
1	4.8074	0.94865
1	4.8696	0.94865
1	4.9318	0.94865
1	4.994	0.94865
1	5.0562	0.94865
1	5.1184	0.94865
1	5.1806	0.94865
1	5.2428	0.94865
1	5.305	0.94865
1	5.3673	0.94865
1	5.4295	0.94865
1	5.4917	0.94865
1	5.5539	0.94865
1	5.6161	0.94865
1	5.6783	0.94865
1	5.7405	0.94865
1	5.8027	0.94865
1	5.8649	0.94865
1	5.9271	0.94865
1	5.9873	0.99849
1	6.0471	0.99849
1	6.107	0.99849
1	6.1668	0.99849
1	6.2266	0.99849
1	0.0032893	0.99849
1	0.063129	0.99849
1	0.12297	0.99849
1	0.18281	0.99849
1	0.24265	0.99849
1	0.30249	0.99849
1	0.36233	0.99849
1	0.42217	0.99849
1	0.48201	0.99849
1	0.54185	0.99849
1	0.60169	0.99849
1	0.66153	0.99849
1	0.72137	0.99849
1	0.78121	0.99849
1	0.84105	0.99849
1	0.90089	0.99849
1	0.96073	0.99849
1	1.0206	0.99849
1	1.0804	0.99849
1	1.1402	0.99849
1	1.2001	0.99849
1	1.2599	0.99849
1	1.3198	0.99849
1	1.3796	0.99849
1	1.4394	0.99849
1	1.4993	0.99849
1	1.5591	0.99849
1	1.619	0.99849
1	1.6788	0.99849
1	1.7386	0.99849
1	1.7985	0.99849
1	1.8583	0.99849
1	1.9182	0.99849
1	1.978	0.99849
1	2.0378	0.99849
1	2.0977	0.99849
1	2.1575	0.99849
1	2.2174	0.99849
1	2.2772	0.99849
1	2.337	0.99849
1	2.3969	0.99849
1	2.4567	0.99849
1	2.5166	0.99849
1	2.5764	0.99849
1	2.6362	0.99849
1	2.6961	0.99849
1	2.7559	0.99849
1	2.8158	0.99849
1	2.8756	0.99849
1	2.9354	0.99849
1	2.9953	0.99849
1	3.0551	0.99849
1	3.115	0.99849
1	3.1748	0.99849
1	3.2346	0.99849
1	3.2945	0.99849
1	3.3543	0.99849
1	3.4142	0.99849
1	3.474	0.99849
1	3.5338	0.99849
1	3.5937	0.99849
1	3.6535	0.99849
1	3.7134	0.99849
1	3.7732	0.99849
1	3.833	0.99849
1	3.8929	0.99849
1	3.9527	0.99849
1	4.0126	0.99849
1	4.0724	0.99849
1	4.1322	0.99849
1	4.1921	0.99849
1	4.2519	0.99849
1	4.3118	0.99849
1	4.3716	0.99849
1	4.4314	0.99849
1	4.4913	0.99849
1	4.5511	0.99849
1	4.611	0.99849
1	4.6708	0.99849
1	4.7306	0.99849
1	4.7905	0.99849
1	4.8503	0.99849
1	4.9102	0.99849
1	4.97	0.99849
1	5.0298	0.99849
1	5.0897	0.99849
1	5.1495	0.99849
1	5.2094	0.99849
1	5.2692	0.99849
1	5.329	0.99849
1	5.3889	0.99849
1	5.4487	0.99849
1	5.5086	0.99849
1	5.5684	0.99849
1	5.6282	0.99849
1	5.6881	0.99849
1	5.7479	0.99849
1	5.8078	0.99849
1	5.8676	0.99849
1	5.9274	0.99849
1	5.9864	1.0484
1	6.0446	1.0484
1	6.1028	1.0484
1	6.161	1.0484
1	6.2192	1.0484
1	6.2773	1.0484
1	0.052325	1.0484
1	0.1105	1.0484
1	0.16868	1.0484
1	0.22686	1.0484
1	0.28504	1.0484
1	0.34321	1.0484
1	0.40139	1.0484
1	0.45957	1.0484
1	0.51775	1.0484
1	0.57592	1.0484
1	0.6341	1.0484
1	0.69228	1.0484
1	0.75046	1.0484
1	0.80863	1.0484
1	0.86681	1.0484
1	0.92499	1.0484
1	0.98317	1.0484
1	1.0413	1.0484
1	1.0995	1.0484
1	1.1577	1.0484
1	1.2159	1.0484
1	1.2741	1.0484
1	1.3322	1.0484
1	1.3904	1.0484
1	1.4486	1.0484
1	1.5068	1.0484
1	1.5649	1.0484
1	1.6231	1.0484
1	1.6813	1.0484
1	1.7395	1.0484
1	1.7977	1.0484
1	1.8558	1.0484
1	1.914	1.0484
1	1.9722	1.0484
1	2.0304	1.0484
1	2.0885	1.0484
1	2.1467	1.0484
1	2.2049	1.0484
1	2.2631	1.0484
1	2.3213	1.0484
1	2.3794	1.0484
1	2.4376	1.0484
1	2.4958	1.0484
1	2.554	1.0484
1	2.6121	1.0484
1	2.6703	1.0484
1	2.7285	1.0484
1	2.7867	1.0484
1	2.8449	1.0484
1	2.903	1.0484
1	2.9612	1.0484
1	3.0194	1.0484
1	3.0776	1.0484
1	3.1357	1.0484
1	3.1939	1.0484
1	3.2521	1.0484
1	3.3103	1.0484
1	3.3685	1.0484
1	3.4266	1.0484
1	3.4848	1.0484
1	3.543	1.0484
1	3.6012	1.0484
1	3.6593	1.0484
1	3.7175	1.0484
1	3.7757	1.0484
1	3.8339	1.0484
1	3.892	1.0484
1	3.9502	1.0484
1	4.0084	1.0484
1	4.0666	1.0484
1	4.1248	1.0484
1	4.1829	1.0484
1	4.2411	1.0484
1	4.2993	1.0484
1	4.3575	1.0484
1	4.4156	1.0484
1	4.4738	1.0484
1	4.532	1.0484
1	4.5902	1.0484
1	4.6484	1.0484
1	4.7065	1.0484
1	4.7647	1.0484
1	4.8229	1.0484
1	4.8811	1.0484
1	4.9392	1.0484
1	4.9974	1.0484
1	5.0556	1.0484
1	5.1138	1.0484
1	5.172	1.0484
1	5.2301	1.0484
1	5.2883	1.0484
1	5.3465	1.0484
1	5.4047	1.0484
1	5.4628	1.0484
1	5.521	1.0484
1	5.5792	1.0484
1	5.6374	1.0484
1	5.6956	1.0484
1	5.7537	1.0484
1	5.8119	1.0484
1	5.8701	1.0484
1	5.9283	1.0484
1	5.9859	1.098
1	6.043	1.098
1	6.1002	1.098
1	6.1573	1.098
1	6.2144	1.098
1	6.2715	1.098
1	0.045449	1.098
1	0.10257	1.098
1	0.15969	1.098
1	0.21681	1.098
1	0.27393	1.098
1	0.33105	1.098
1	0.38817	1.098
1	0.44529	1.098
1	0.50241	1.098
1	0.55953	1.098
1	0.61665	1.098
1	0.67377	1.098
1	0.73089	1.098
1	0.78801	1.098
1	0.84513	1.098
1	0.90225	1.098
1	0.95937	1.098
1	1.0165	1.098
1	1.0736	1.098
1	1.1307	1.098
1	1.1878	1.098
1	1.245	1.098
1	1.3021	1.098
1	1.3592	1.098
1	1.4163	1.098
1	1.4734	1.098
1	1.5306	1.098
1	1.5877	1.098
1	1.6448	1.098
1	1.7019	1.098
1	1.759	1.098
1	1.8162	1.098
1	1.8733	1.098
1	1.9304	1.098
1	1.9875	1.098
1	2.0446	1.098
1	2.1018	1.098
1	2.1589	1.098
1	2.216	1.098
1	2.2731	1.098
1	2.3302	1.098
1	2.3874	1.098
1	2.4445	1.098
1	2.5016	1.098
1	2.5587	1.098
1	2.6158	1.098
1	2.673	1.098
1	2.7301	1.098
1	2.7872	1.098
1	2.8443	1.098
1	2.9014	1.098
1	2.9586	1.098
1	3.0157	1.098
1	3.0728	1.098
1	3.1299	1.098
1	3.187	1.098
1	3.2442	1.098
1	3.3013	1.098
1	3.3584	1.098
1	3.4155	1.098
1	3.4726	1.098
1	3.5298	1.098
1	3.5869	1.098
1	3.644	1.098
1	3.7011	1.098
1	3.7582	1.098
1	3.8154	1.098
1	3.8725	1.098
1	3.9296	1.098
1	3.9867	1.098
1	4.0438	1.098
1	4.101	1.098
1	4.1581	1.098
1	4.2152	1.098
1	4.2723	1.098
1	4.3294	1.098
1	4.3866	1.098
1	4.4437	1.098
1	4.5008	1.098
1	4.5579	1.098
1	4.615	1.098
1	4.6722	1.098
1	4.7293	1.098
1	4.7864	1.098
1	4.8435	1.098
1	4.9006	1.098
1	4.9578	1.098
1	5.0149	1.098
1	5.072	1.098
1	5.1291	1.098
1	5.1862	1.098
1	5.2434	1.098
1	5.3005	1.098
1	5.3576	1.098
1	5.4147	1.098
1	5.4718	1.098
1	5.529	1.098
1	5.5861	1.098
1	5.6432	1.098
1	5.7003	1.098
1	5.7574	1.098
1	5.8146	1.098
1	5.8717	1.098
1	5.9288	1.098
1	5.9844	1.1478
1	6.0395	1.1478
1	6.0946	1.1478
1	6.1498	1.1478
1	6.2049	1.1478
1	6.26	1.1478
1	0.031921	1.1478
1	0.087036	1.1478
1	0.14215	1.1478
1	0.19727	1.1478
1	0.25238	1.1478
1	0.3075	1.1478
1	0.36261	1.1478
1	0.41773	1.1478
1	0.47285	1.1478
1	0.52796	1.1478
1	0.58308	1.1478
1	0.63819	1.1478
1	0.69331	1.1478
1	0.74842	1.1478
1	0.80354	1.1478
1	0.85866	1.1478
1	0.91377	1.1478
1	0.96889	1.1478
1	1.024	1.1478
1	1.0791	1.1478
1	1.1342	1.1478
1	1.1893	1.1478
1	1.2445	1.1478
1	1.2996	1.1478
1	1.3547	1.1478
1	1.4098	1.1478
1	1.4649	1.1478
1	1.52	1.1478
1	1.5752	1.1478
1	1.6303	1.1478
1	1.6854	1.1478
1	1.7405	1.1478
1	1.7956	1.1478
1	1.8507	1.1478
1	1.9059	1.1478
1	1.961	1.1478
1	2.0161	1.1478
1	2.0712	1.1478
1	2.1263	1.1478
1	2.1814	1.1478
1	2.2365	1.1478
1	2.2917	1.1478
1	2.3468	1.1478
1	2.4019	1.1478
1	2.457	1.1478
1	2.5121	1.1478
1	2.5672	1.1478
1	2.6224	1.1478
1	2.6775	1.1478
1	2.7326	1.1478
1	2.7877	1.1478
1	2.8428	1.1478
1	2.8979	1.1478
1	2.9531	1.1478
1	3.0082	1.1478
1	3.0633	1.1478
1	3.1184	1.1478
1	3.1735	1.1478
1	3.2286	1.1478
1	3.2837	1.1478
1	3.3389	1.1478
1	3.394	1.1478
1	3.4491	1.1478
1	3.5042	1.1478
1	3.5593	1.1478
1	3.6144	1.1478
1	3.6696	1.1478
1	3.7247	1.1478
1	3.7798	1.1478
1	3.8349	1.1478
1	3.89	1.1478
1	3.9451	1.1478
1	4.0002	1.1478
1	4.0554	1.1478
1	4.1105	1.1478
1	4.1656	1.1478
1	4.2207	1.1478
1	4.2758	1.1478
1	4.3309	1.1478
1	4.3861	1.1478
1	4.4412	1.1478
1	4.4963	1.1478
1	4.5514	1.1478
1	4.6065	1.1478
1	4.6616	1.1478
1	4.7168	1.1478
1	4.7719	1.1478
1	4.827	1.1478
1	4.8821	1.1478
1	4.9372	1.1478
1	4.9923	1.1478
1	5.0474	1.1478
1	5.1026	1.1478
1	5.1577	1.1478
1	5.2128	1.1478
1	5.2679	1.1478
1	5.323	1.1478
1	5.3781	1.1478
1	5.4333	1.1478
1	5.4884	1.1478
1	5.5435	1.1478
1	5.5986	1.1478
1	5.6537	1.1478
1	5.7088	1.1478
1	5.7639	1.1478
1	5.8191	1.1478
1	5.8742	1.1478
1	5.9293	1.1478
1	5.9839	1.1977
1	6.0381	1.1977
1	6.0923	1.1977
1	6.1464	1.1977
1	6.2006	1.1977
1	6.2548	1.1977
1	0.025744	1.1977
1	0.079909	1.1977
1	0.13407	1.1977
1	0.18824	1.1977
1	0.24241	1.1977
1	0.29657	1.1977
1	0.35074	1.1977
1	0.4049	1.1977
1	0.45907	1.1977
1	0.51323	1.1977
1	0.5674	1.1977
1	0.62156	1.1977
1	0.67573	1.1977
1	0.72989	1.1977
1	0.78406	1.1977
1	0.83822	1.1977
1	0.89239	1.1977
1	0.94656	1.1977
1	1.0007	1.1977
1	1.0549	1.1977
1	1.1091	1.1977
1	1.1632	1.1977
1	1.2174	1.1977
1	1.2715	1.1977
1	1.3257	1.1977
1	1.3799	1.1977
1	1.434	1.1977
1	1.4882	1.1977
1	1.5424	1.1977
1	1.5965	1.1977
1	1.6507	1.1977
1	1.7049	1.1977
1	1.759	1.1977
1	1.8132	1.1977
1	1.8674	1.1977
1	1.9215	1.1977
1	1.9757	1.1977
1	2.0299	1.1977
1	2.084	1.1977
1	2.1382	1.1977
1	2.1924	1.1977
1	2.2465	1.1977
1	2.3007	1.1977
1	2.3549	1.1977
1	2.409	1.1977
1	2.4632	1.1977
1	2.5174	1.1977
1	2.5715	1.1977
1	2.6257	1.1977
1	2.6798	1.1977
1	2.734	1.1977
1	2.7882	1.1977
1	2.8423	1.1977
1	2.8965	1.1977
1	2.9507	1.1977
1	3.0048	1.1977
1	3.059	1.1977
1	3.1132	1.1977
1	3.1673	1.1977
1	3.2215	1.1977
1	3.2757	1.1977
1	3.3298	1.1977
1	3.384	1.1977
1	3.4382	1.1977
1	3.4923	1.1977
1	3.5465	1.1977
1	3.6007	1.1977
1	3.6548	1.1977
1	3.709	1.1977
1	3.7632	1.1977
1	3.8173	1.1977
1	3.8715	1.1977
1	3.9257	1.1977
1	3.9798	1.1977
1	4.034	1.1977
1	4.0881	1.1977
1	4.1423	1.1977
1	4.1965	1.1977
1	4.2506	1.1977
1	4.3048	1.1977
1	4.359	1.1977
1	4.4131	1.1977
1	4.4673	1.1977
1	4.5215	1.1977
1	4.5756	1.1977
1	4.6298	1.1977
1	4.684	1.1977
1	4.7381	1.1977
1	4.7923	1.1977
1	4.8465	1.1977
1	4.9006	1.1977
1	4.9548	1.1977
1	5.009	1.1977
1	5.0631	1.1977
1	5.1173	1.1977
1	5.1715	1.1977
1	5.2256	1.1977
1	5.2798	1.1977
1	5.334	1.1977
1	5.3881	1.1977
1	5.4423	1.1977
1	5.4964	1.1977
1	5.5506	1.1977
1	5.6048	1.1977
1	5.6589	1.1977
1	5.7131	1.1977
1	5.7673	1.1977
1	5.8214	1.1977
1	5.8756	1.1977
1	5.9298	1.1977
1	5.9835	1.2475
1	6.0367	1.2475
1	6.09	1.2475
1	6.1432	1.2475
1	6.1965	1.2475
1	6.2497	1.2475
1	0.019777	1.2475
1	0.073024	1.2475
1	0.12627	1.2475
1	0.17952	1.2475
1	0.23277	1.2475
1	0.28601	1.2475
1	0.33926	1.2475
1	0.39251	1.2475
1	0.44576	1.2475
1	0.499	1.2475
1	0.55225	1.2475
1	0.6055	1.2475
1	0.65874	1.2475
1	0.71199	1.2475
1	0.76524	1.2475
1	0.81849	1.2475
1	0.87173	1.2475
1	0.92498	1.2475
1	0.97823	1.2475
1	1.0315	1.2475
1	1.0847	1.2475
1	1.138	1.2475
1	1.1912	1.2475
1	1.2445	1.2475
1	1.2977	1.2475
1	1.351	1.2475
1	1.4042	1.2475
1	1.4575	1.2475
1	1.5107	1.2475
1	1.5639	1.2475
1	1.6172	1.2475
1	1.6704	1.2475
1	1.7237	1.2475
1	1.7769	1.2475
1	1.8302	1.2475
1	1.8834	1.2475
1	1.9367	1.2475
1	1.9899	1.2475
1	2.0432	1.2475
1	2.0964	1.2475
1	2.1497	1.2475
1	2.2029	1.2475
1	2.2562	1.2475
1	2.3094	1.2475
1	2.3627	1.2475
1	2.4159	1.2475
1	2.4692	1.2475
1	2.5224	1.2475
1	2.5756	1.2475
1	2.6289	1.2475
1	2.6821	1.2475
1	2.7354	1.2475
1	2.7886	1.2475
1	2.8419	1.2475
1	2.8951	1.2475
1	2.9484	1.2475
1	3.0016	1.2475
1	3.0549	1.2475
1	3.1081	1.2475
1	3.1614	1.2475
1	3.2146	1.2475
1	3.2679	1.2475
1	3.3211	1.2475
1	3.3744	1.2475
1	3.4276	1.2475
1	3.4809	1.2475
1	3.5341	1.2475
1	3.5873	1.2475
1	3.6406	1.2475
1	3.6938	1.2475
1	3.7471	1.2475
1	3.8003	1.2475
1	3.8536	1.2475
1	3.9068	1.2475
1	3.9601	1.2475
1	4.0133	1.2475
1	4.0666	1.2475
1	4.1198	1.2475
1	4.1731	1.2475
1	4.2263	1.2475
1	4.2796	1.2475
1	4.3328	1.2475
1	4.3861	1.2475
1	4.4393	1.2475
1	4.4926	1.2475
1	4.5458	1.2475
1	4.599	1.2475
1	4.6523	1.2475
1	4.7055	1.2475
1	4.7588	1.2475
1	4.812	1.2475
1	4.8653	1.2475
1	4.9185	1.2475
1	4.9718	1.2475
1	5.025	1.2475
1	5.0783	1.2475
1	5.1315	1.2475
1	5.1848	1.2475
1	5.238	1.2475
1	5.2913	1.2475
1	5.3445	1.2475
1	5.3978	1.2475
1	5.451	1.2475
1	5.5043	1.2475
1	5.5575	1.2475
1	5.6107	1.2475
1	5.664	1.2475
1	5.7172	1.2475
1	5.7705	1.2475
1	5.8237	1.2475
1	5.877	1.2475
1	5.9302	1.2475
1	5.9833	1.2971
1	6.0361	1.2971
1	6.0889	1.2971
1	6.1417	1.2971
1	6.1945	1.2971
1	6.2473	1.2971
1	0.016868	1.2971
1	0.069668	1.2971
1	0.12247	1.2971
1	0.17527	1.2971
1	0.22807	1.2971
1	0.28087	1.2971
1	0.33367	1.2971
1	0.38647	1.2971
1	0.43927	1.2971
1	0.49207	1.2971
1	0.54487	1.2971
1	0.59767	1.2971
1	0.65047	1.2971
1	0.70327	1.2971
1	0.75607	1.2971
1	0.80887	1.2971
1	0.86167	1.2971
1	0.91447	1.2971
1	0.96727	1.2971
1	1.0201	1.2971
1	1.0729	1.2971
1	1.1257	1.2971
1	1.1785	1.2971
1	1.2313	1.2971
1	1.2841	1.2971
1	1.3369	1.2971
1	1.3897	1.2971
1	1.4425	1.2971
1	1.4953	1.2971
1	1.5481	1.2971
1	1.6009	1.2971
1	1.6537	1.2971
1	1.7065	1.2971
1	1.7593	1.2971
1	1.8121	1.2971
1	1.8649	1.2971
1	1.9177	1.2971
1	1.9705	1.2971
1	2.0233	1.2971
1	2.0761	1.2971
1	2.1289	1.2971
1	2.1817	1.2971
1	2.2345	1.2971
1	2.2873	1.2971
1	2.3401	1.2971
1	2.3929	1.2971
1	2.4457	1.2971
1	2.4985	1.2971
1	2.5513	1.2971
1	2.6041	1.2971
1	2.6569	1.2971
1	2.7097	1.2971
1	2.7625	1.2971
1	2.8153	1.2971
1	2.8681	1.2971
1	2.9209	1.2971
1	2.9737	1.2971
1	3.0265	1.2971
1	3.0793	1.2971
1	3.1321	1.2971
1	3.1849	1.2971
1	3.2377	1.2971
1	3.2905	1.2971
1	3.3433	1.2971
1	3.3961	1.2971
1	3.4489	1.2971
1	3.5017	1.2971
1	3.5545	1.2971
1	3.6073	1.2971
1	3.6601	1.2971
1	3.7129	1.2971
1	3.7657	1.2971
1	3.8185	1.2971
1	3.8713	1.2971
1	3.9241	1.2971
1	3.9769	1.2971
1	4.0297	1.2971
1	4.0825	1.2971
1	4.1353	1.2971
1	4.1881	1.2971
1	4.2409	1.2971
1	4.2937	1.2971
1	4.3465	1.2971
1	4.3993	1.2971
1	4.4521	1.2971
1	4.5049	1.2971
1	4.5577	1.2971
1	4.6105	1.2971
1	4.6633	1.2971
1	4.7161	1.2971
1	4.7689	1.2971
1	4.8217	1.2971
1	4.8745	1.2971
1	4.9273	1.2971
1	4.9801	1.2971
1	5.0329	1.2971
1	5.0857	1.2971
1	5.1385	1.2971
1	5.1913	1.2971
1	5.2441	1.2971
1	5.2969	1.2971
1	5.3497	1.2971
1	5.4025	1.2971
1	5.4553	1.2971
1	5.5081	1.2971
1	5.5609	1.2971
1	5.6137	1.2971
1	5.6665	1.2971
1	5.7193	1.2971
1	5.7721	1.2971
1	5.8249	1.2971
1	5.8777	1.2971
1	5.9305	1.2971
1	5.9822	1.3469
1	6.0337	1.3469
1	6.0852	1.3469
1	6.1367	1.3469
1	6.1882	1.3469
1	6.2397	1.3469
1	0.0079961	1.3469
1	0.059498	1.3469
1	0.111	1.3469
1	0.1625	1.3469
1	0.214	1.3469
1	0.2655	1.3469
1	0.31701	1.3469
1	0.36851	1.3469
1	0.42001	1.3469
1	0.47151	1.3469
1	0.52301	1.3469
1	0.57451	1.3469
1	0.62601	1.3469
1	0.67752	1.3469
1	0.72902	1.3469
1	0.78052	1.3469
1	0.83202	1.3469
1	0.88352	1.3469
1	0.93502	1.3469
1	0.98652	1.3469
1	1.038	1.3469
1	1.0895	1.3469
1	1.141	1.3469
1	1.1925	1.3469
1	1.244	1.3469
1	1.2955	1.3469
1	1.347	1.3469
1	1.3985	1.3469
1	1.45	1.3469
1	1.5015	1.3469
1	1.553	1.3469
1	1.6045	1.3469
1	1.656	1.3469
1	1.7075	1.3469
1	1.759	1.3469
1	1.8105	1.3469
1	1.8621	1.3469
1	1.9136	1.3469
1	1.9651	1.3469
1	2.0166	1.3469
1	2.0681	1.3469
1	2.1196	1.3469
1	2.1711	1.3469
1	2.2226	1.3469
1	2.2741	1.3469
1	2.3256	1.3469
1	2.3771	1.3469
1	2.4286	1.3469
1	2.4801	1.3469
1	2.5316	1.3469
1	2.5831	1.3469
1	2.6346	1.3469
1	2.6861	1.3469
1	2.7376	1.3469
1	2.7891	1.3469
1	2.8406	1.3469
1	2.8921	1.3469
1	2.9436	1.3469
1	2.9951	1.3469
1	3.0466	1.3469
1	3.0981	1.3469
1	3.1496	1.3469
1	3.2011	1.3469
1	3.2526	1.3469
1	3.3041	1.3469
1	3.3556	1.3469
1	3.4071	1.3469
1	3.4586	1.3469
1	3.5101	1.3469
1	3.5616	1.3469
1	3.6131	1.3469
1	3.6646	1.3469
1	3.7161	1.3469
1	3.7676	1.3469
1	3.8191	1.3469
1	3.8706	1.3469
1	3.9221	1.3469
1	3.9736	1.3469
1	4.0251	1.3469
1	4.0766	1.3469
1	4.1281	1.3469
1	4.1796	1.3469
1	4.2311	1.3469
1	4.2826	1.3469
1	4.3341	1.3469
1	4.3856	1.3469
1	4.4371	1.3469
1	4.4886	1.3469
1	4.5401	1.3469
1	4.5916	1.3469
1	4.6431	1.3469
1	4.6946	1.3469
1	4.7461	1.3469
1	4.7976	1.3469
1	4.8491	1.3469
1	4.9006	1.3469
1	4.9521	1.3469
1	5.0036	1.3469
1	5.0551	1.3469
1	5.1066	1.3469
1	5.1581	1.3469
1	5.2096	1.3469
1	5.2612	1.3469
1	5.3127	1.3469
1	5.3642	1.3469
1	5.4157	1.3469
1	5.4672	1.3469
1	5.5187	1.3469
1	5.5702	1.3469
1	5.6217	1.3469
1	5.6732	1.3469
1	5.7247	1.3469
1	5.7762	1.3469
1	5.8277	1.3469
1	5.8792	1.3469
1	5.9307	1.3469
1	6.0079	1.3967
1	6.0594	1.3967
1	6.1109	1.3967
1	6.1624	1.3967
1	6.2139	1.3967
1	6.2654	1.3967
1	0.033747	1.3967
1	0.085248	1.3967
1	0.13675	1.3967
1	0.18825	1.3967
1	0.23975	1.3967
1	0.29125	1.3967
1	0.34276	1.3967
1	0.39426	1.3967
1	0.44576	1.3967
1	0.49726	1.3967
1	0.54876	1.3967
1	0.60026	1.3967
1	0.65177	1.3967
1	0.70327	1.3967
1	0.75477	1.3967
1	0.80627	1.3967
1	0.85777	1.3967
1	0.90927	1.3967
1	0.96077	1.3967
1	1.0123	1.3967
1	1.0638	1.3967
1	1.1153	1.3967
1	1.1668	1.3967
1	1.2183	1.3967
1	1.2698	1.3967
1	1.3213	1.3967
1	1.3728	1.3967
1	1.4243	1.3967
1	1.4758	1.3967
1	1.5273	1.3967
1	1.5788	1.3967
1	1.6303	1.3967
1	1.6818	1.3967
1	1.7333	1.3967
1	1.7848	1.3967
1	1.8363	1.3967
1	1.8878	1.3967
1	1.9393	1.3967
1	1.9908	1.3967
1	2.0423	1.3967
1	2.0938	1.3967
1	2.1453	1.3967
1	2.1968	1.3967
1	2.2483	1.3967
1	2.2998	1.3967
1	2.3513	1.3967
1	2.4028	1.3967
1	2.4543	1.3967
1	2.5058	1.3967
1	2.5573	1.3967
1	2.6088	1.3967
1	2.6603	1.3967
1	2.7118	1.3967
1	2.7633	1.3967
1	2.8148	1.3967
1	2.8663	1.3967
1	2.9178	1.3967
1	2.9693	1.3967
1	3.0208	1.3967
1	3.0723	1.3967
1	3.1238	1.3967
1	3.1753	1.3967
1	3.2268	1.3967
1	3.2783	1.3967
1	3.3298	1.3967
1	3.3813	1.3967
1	3.4328	1.3967
1	3.4843	1.3967
1	3.5359	1.3967
1	3.5874	1.3967
1	3.6389	1.3967
1	3.6904	1.3967
1	3.7419	1.3967
1	3.7934	1.3967
1	3.8449	1.3967
1	3.8964	1.3967
1	3.9479	1.3967
1	3.9994	1.3967
1	4.0509	1.3967
1	4.1024	1.3967
1	4.1539	1.3967
1	4.2054	1.3967
1	4.2569	1.3967
1	4.3084	1.3967
1	4.3599	1.3967
1	4.4114	1.3967
1	4.4629	1.3967
1	4.5144	1.3967
1	4.5659	1.3967
1	4.6174	1.3967
1	4.6689	1.3967
1	4.7204	1.3967
1	4.7719	1.3967
1	4.8234	1.3967
1	4.8749	1.3967
1	4.9264	1.3967
1	4.9779	1.3967
1	5.0294	1.3967
1	5.0809	1.3967
1	5.1324	1.3967
1	5.1839	1.3967
1	5.2354	1.3967
1	5.2869	1.3967
1	5.3384	1.3967
1	5.3899	1.3967
1	5.4414	1.3967
1	5.4929	1.3967
1	5.5444	1.3967
1	5.5959	1.3967
1	5.6474	1.3967
1	5.6989	1.3967
1	5.7504	1.3967
1	5.8019	1.3967
1	5.8534	1.3967
1	5.9049	1.3967
1	5.9564	1.3967
1	6.0075	1.4464
1	6.0582	1.4464
1	6.1088	1.4464
1	6.1595	1.4464
1	6.2102	1.4464
1	6.2609	1.4464
1	0.028348	1.4464
1	0.079018	1.4464
1	0.12969	1.4464
1	0.18036	1.4464
1	0.23103	1.4464
1	0.2817	1.4464
1	0.33237	1.4464
1	0.38304	1.4464
1	0.43371	1.4464
1	0.48439	1.4464
1	0.53506	1.4464
1	0.58573	1.4464
1	0.6364	1.4464
1	0.68707	1.4464
1	0.73774	1.4464
1	0.78841	1.4464
1	0.83908	1.4464
1	0.88975	1.4464
1	0.94042	1.4464
1	0.99109	1.4464
1	1.0418	1.4464
1	1.0924	1.4464
1	1.1431	1.4464
1	1.1938	1.4464
1	1.2444	1.4464
1	1.2951	1.4464
1	1.3458	1.4464
1	1.3965	1.4464
1	1.4471	1.4464
1	1.4978	1.4464
1	1.5485	1.4464
1	1.5991	1.4464
1	1.6498	1.4464
1	1.7005	1.4464
1	1.7512	1.4464
1	1.8018	1.4464
1	1.8525	1.4464
1	1.9032	1.4464
1	1.9538	1.4464
1	2.0045	1.4464
1	2.0552	1.4464
1	2.1059	1.4464
1	2.1565	1.4464
1	2.2072	1.4464
1	2.2579	1.4464
1	2.3085	1.4464
1	2.3592	1.4464
1	2.4099	1.4464
1	2.4605	1.4464
1	2.5112	1.4464
1	2.5619	1.4464
1	2.6126	1.4464
1	2.6632	1.4464
1	2.7139	1.4464
1	2.7646	1.4464
1	2.8152	1.4464
1	2.8659	1.4464
1	2.9166	1.4464
1	2.9673	1.4464
1	3.0179	1.4464
1	3.0686	1.4464
1	3.1193	1.4464
1	3.1699	1.4464
1	3.2206	1.4464
1	3.2713	1.4464
1	3.322	1.4464
1	3.3726	1.4464
1	3.4233	1.4464
1	3.474	1.4464
1	3.5246	1.4464
1	3.5753	1.4464
1	3.626	1.4464
1	3.6766	1.4464
1	3.7273	1.4464
1	3.778	1.4464
1	3.8287	1.4464
1	3.8793	1.4464
1	3.93	1.4464
1	3.9807	1.4464
1	4.0313	1.4464
1	4.082	1.4464
1	4.1327	1.4464
1	4.1834	1.4464
1	4.234	1.4464
1	4.2847	1.4464
1	4.3354	1.4464
1	4.386	1.4464
1	4.4367	1.4464
1	4.4874	1.4464
1	4.5381	1.4464
1	4.5887	1.4464
1	4.6394	1.4464
1	4.6901	1.4464
1	4.7407	1.4464
1	4.7914	1.4464
1	4.8421	1.4464
1	4.8927	1.4464
1	4.9434	1.4464
1	4.9941	1.4464
1	5.0448	1.4464
1	5.0954	1.4464
1	5.1461	1.4464
1	5.1968	1.4464
1	5.2474	1.4464
1	5.2981	1.4464
1	5.3488	1.4464
1	5.3995	1.4464
1	5.4501	1.4464
1	5.5008	1.4464
1	5.5515	1.4464
1	5.6021	1.4464
1	5.6528	1.4464
1	5.7035	1.4464
1	5.7542	1.4464
1	5.8048	1.4464
1	5.8555	1.4464
1	5.9062	1.4464
1	5.9568	1.4464
1	6.0328	1.4963
1	6.0835	1.4963
1	6.1342	1.4963
1	6.1849	1.4963
1	6.2355	1.4963
1	0.0030121	1.4963
1	0.053683	1.4963
1	0.10435	1.4963
1	0.15502	1.4963
1	0.2057	1.4963
1	0.25637	1.4963
1	0.30704	1.4963
1	0.35771	1.4963
1	0.40838	1.4963
1	0.45905	1.4963
1	0.50972	1.4963
1	0.56039	1.4963
1	0.61106	1.4963
1	0.66173	1.4963
1	0.7124	1.4963
1	0.76307	1.4963
1	0.81375	1.4963
1	0.86442	1.4963
1	0.91509	1.4963
1	0.96576	1.4963
1	1.0164	1.4963
1	1.0671	1.4963
1	1.1178	1.4963
1	1.1684	1.4963
1	1.2191	1.4963
1	1.2698	1.4963
1	1.3205	1.4963
1	1.3711	1.4963
1	1.4218	1.4963
1	1.4725	1.4963
1	1.5231	1.4963
1	1.5738	1.4963
1	1.6245	1.4963
1	1.6752	1.4963
1	1.7258	1.4963
1	1.7765	1.4963
1	1.8272	1.4963
1	1.8778	1.4963
1	1.9285	1.4963
1	1.9792	1.4963
1	2.0298	1.4963
1	2.0805	1.4963
1	2.1312	1.4963
1	2.1819	1.4963
1	2.2325	1.4963
1	2.2832	1.4963
1	2.3339	1.4963
1	2.3845	1.4963
1	2.4352	1.4963
1	2.4859	1.4963
1	2.5366	1.4963
1	2.5872	1.4963
1	2.6379	1.4963
1	2.6886	1.4963
1	2.7392	1.4963
1	2.7899	1.4963
1	2.8406	1.4963
1	2.8913	1.4963
1	2.9419	1.4963
1	2.9926	1.4963
1	3.0433	1.4963
1	3.0939	1.4963
1	3.1446	1.4963
1	3.1953	1.4963
1	3.2459	1.4963
1	3.2966	1.4963
1	3.3473	1.4963
1	3.398	1.4963
1	3.4486	1.4963
1	3.4993	1.4963
1	3.55	1.4963
1	3.6006	1.4963
1	3.6513	1.4963
1	3.702	1.4963
1	3.7527	1.4963
1	3.8033	1.4963
1	3.854	1.4963
1	3.9047	1.4963
1	3.9553	1.4963
1	4.006	1.4963
1	4.0567	1.4963
1	4.1074	1.4963
1	4.158	1.4963
1	4.2087	1.4963
1	4.2594	1.4963
1	4.31	1.4963
1	4.3607	1.4963
1	4.4114	1.4963
1	4.462	1.4963
1	4.5127	1.4963
1	4.5634	1.4963
1	4.6141	1.4963
1	4.6647	1.4963
1	4.7154	1.4963
1	4.7661	1.4963
1	4.8167	1.4963
1	4.8674	1.4963
1	4.9181	1.4963
1	4.9688	1.4963
1	5.0194	1.4963
1	5.0701	1.4963
1	5.1208	1.4963
1	5.1714	1.4963
1	5.2221	1.4963
1	5.2728	1.4963
1	5.3235	1.4963
1	5.3741	1.4963
1	5.4248	1.4963
1	5.4755	1.4963
1	5.5261	1.4963
1	5.5768	1.4963
1	5.6275	1.4963
1	5.6781	1.4963
1	5.7288	1.4963
1	5.7795	1.4963
1	5.8302	1.4963
1	5.8808	1.4963
1	5.9315	1.4963
1	5.9822	1.4963
1	6.0582	1.546
1	6.1088	1.546
1	6.1595	1.546
1	6.2102	1.546
1	6.2609	1.546
1	0.028348	1.546
1	0.079018	1.546
1	0.12969	1.546
1	0.18036	1.546
1	0.23103	1.546
1	0.2817	1.546
1	0.33237	1.546
1	0.38304	1.546
1	0.43371	1.546
1	0.48439	1.546
1	0.53506	1.546
1	0.58573	1.546
1	0.6364	1.546
1	0.68707	1.546
1	0.73774	1.546
1	0.78841	1.546
1	0.83908	1.546
1	0.88975	1.546
1	0.94042	1.546
1	0.99109	1.546
1	1.0418	1.546
1	1.0924	1.546
1	1.1431	1.546
1	1.1938	1.546
1	1.2444	1.546
1	1.2951	1.546
1	1.3458	1.546
1	1.3965	1.546
1	1.4471	1.546
1	1.4978	1.546
1	1.5485	1.546
1	1.5991	1.546
1	1.6498	1.546
1	1.7005	1.546
1	1.7512	1.546
1	1.8018	1.546
1	1.8525	1.546
1	1.9032	1.546
1	1.9538	1.546
1	2.0045	1.546
1	2.0552	1.546
1	2.1059	1.546
1	2.1565	1.546
1	2.2072	1.546
1	2.2579	1.546
1	2.3085	1.546
1	2.3592	1.546
1	2.4099	1.546
1	2.4605	1.546
1	2.5112	1.546
1	2.5619	1.546
1	2.6126	1.546
1	2.6632	1.546
1	2.7139	1.546
1	2.7646	1.546
1	2.8152	1.546
1	2.8659	1.546
1	2.9166	1.546
1	2.9673	1.546
1	3.0179	1.546
1	3.0686	1.546
1	3.1193	1.546
1	3.1699	1.546
1	3.2206	1.546
1	3.2713	1.546
1	3.322	1.546
1	3.3726	1.546
1	3.4233	1.546
1	3.474	1.546
1	3.5246	1.546
1	3.5753	1.546
1	3.626	1.546
1	3.6766	1.546
1	3.7273	1.546
1	3.778	1.546
1	3.8287	1.546
1	3.8793	1.546
1	3.93	1.546
1	3.9807	1.546
1	4.0313	1.546
1	4.082	1.546
1	4.1327	1.546
1	4.1834	1.546
1	4.234	1.546
1	4.2847	1.546
1	4.3354	1.546
1	4.386	1.546
1	4.4367	1.546
1	4.4874	1.546
1	4.5381	1.546
1	4.5887	1.546
1	4.6394	1.546
1	4.6901	1.546
1	4.7407	1.546
1	4.7914	1.546
1	4.8421	1.546
1	4.8927	1.546
1	4.9434	1.546
1	4.9941	1.546
1	5.0448	1.546
1	5.0954	1.546
1	5.1461	1.546
1	5.1968	1.546
1	5.2474	1.546
1	5.2981	1.546
1	5.3488	1.546
1	5.3995	1.546
1	5.4501	1.546
1	5.5008	1.546
1	5.5515	1.546
1	5.6021	1.546
1	5.6528	1.546
1	5.7035	1.546
1	5.7542	1.546
1	5.8048	1.546
1	5.8555	1.546
1	5.9062	1.546
1	5.9568	1.546
1	6.0075	1.546
1	6.0835	1.5956
1	6.1342	1.5956
1	6.1849	1.5956
1	6.2355	1.5956
1	0.0030121	1.5956
1	0.053683	1.5956
1	0.10435	1.5956
1	0.15502	1.5956
1	0.2057	1.5956
1	0.25637	1.5956
1	0.30704	1.5956
1	0.35771	1.5956
1	0.40838	1.5956
1	0.45905	1.5956
1	0.50972	1.5956
1	0.56039	1.5956
1	0.61106	1.5956
1	0.66173	1.5956
1	0.7124	1.5956
1	0.76307	1.5956
1	0.81375	1.5956
1	0.86442	1.5956
1	0.91509	1.5956
1	0.96576	1.5956
1	1.0164	1.5956
1	1.0671	1.5956
1	1.1178	1.5956
1	1.1684	1.5956
1	1.2191	1.5956
1	1.2698	1.5956
1	1.3205	1.5956
1	1.3711	1.5956
1	1.4218	1.5956
1	1.4725	1.5956
1	1.5231	1.5956
1	1.5738	1.5956
1	1.6245	1.5956
1	1.6752	1.5956
1	1.7258	1.5956
1	1.7765	1.5956
1	1.8272	1.5956
1	1.8778	1.5956
1	1.9285	1.5956
1	1.9792	1.5956
1	2.0298	1.5956
1	2.0805	1.5956
1	2.1312	1.5956
1	2.1819	1.5956
1	2.2325	1.5956
1	2.2832	1.5956
1	2.3339	1.5956
1	2.3845	1.5956
1	2.4352	1.5956
1	2.4859	1.5956
1	2.5366	1.5956
1	2.5872	1.5956
1	2.6379	1.5956
1	2.6886	1.5956
1	2.7392	1.5956
1	2.7899	1.5956
1	2.8406	1.5956
1	2.8913	1.5956
1	2.9419	1.5956
1	2.9926	1.5956
1	3.0433	1.5956
1	3.0939	1.5956
1	3.1446	1.5956
1	3.1953	1.5956
1	3.2459	1.5956
1	3.2966	1.5956
1	3.3473	1.5956
1	3.398	1.5956
1	3.4486	1.5956
1	3.4993	1.5956
1	3.55	1.5956
1	3.6006	1.5956
1	3.6513	1.5956
1	3.702	1.5956
1	3.7527	1.5956
1	3.8033	1.5956
1	3.854	1.5956
1	3.9047	1.5956
1	3.9553	1.5956
1	4.006	1.5956
1	4.0567	1.5956
1	4.1074	1.5956
1	4.158	1.5956
1	4.2087	1.5956
1	4.2594	1.5956
1	4.31	1.5956
1	4.3607	1.5956
1	4.4114	1.5956
1	4.462	1.5956
1	4.5127	1.5956
1	4.5634	1.5956
1	4.6141	1.5956
1	4.6647	1.5956
1	4.7154	1.5956
1	4.7661	1.5956
1	4.8167	1.5956
1	4.8674	1.5956
1	4.9181	1.5956
1	4.9688	1.5956
1	5.0194	1.5956
1	5.0701	1.5956
1	5.1208	1.5956
1	5.1714	1.5956
1	5.2221	1.5956
1	5.2728	1.5956
1	5.3235	1.5956
1	5.3741	1.5956
1	5.4248	1.5956
1	5.4755	1.5956
1	5.5261	1.5956
1	5.5768	1.5956
1	5.6275	1.5956
1	5.6781	1.5956
1	5.7288	1.5956
1	5.7795	1.5956
1	5.8302	1.5956
1	5.8808	1.5956
1	5.9315	1.5956
1	5.9822	1.5956
1	6.0328	1.5956
1	6.1088	1.6453
1	6.1595	1.6453
1	6.2102	1.6453
1	6.2609	1.6453
1	0.028348	1.6453
1	0.079018	1.6453
1	0.12969	1.6453
1	0.18036	1.6453
1	0.23103	1.6453
1	0.2817	1.6453
1	0.33237	1.6453
1	0.38304	1.6453
1	0.43371	1.6453
1	0.48439	1.6453
1	0.53506	1.6453
1	0.58573	1.6453
1	0.6364	1.6453
1	0.68707	1.6453
1	0.73774	1.6453
1	0.78841	1.6453
1	0.83908	1.6453
1	0.88975	1.6453
1	0.94042	1.6453
1	0.99109	1.6453
1	1.0418	1.6453
1	1.0924	1.6453
1	1.1431	1.6453
1	1.1938	1.6453
1	1.2444	1.6453
1	1.2951	1.6453
1	1.3458	1.6453
1	1.3965	1.6453
1	1.4471	1.6453
1	1.4978	1.6453
1	1.5485	1.6453
1	1.5991	1.6453
1	1.6498	1.6453
1	1.7005	1.6453
1	1.7512	1.6453
1	1.8018	1.6453
1	1.8525	1.6453
1	1.9032	1.6453
1	1.9538	1.6453
1	2.0045	1.6453
1	2.0552	1.6453
1	2.1059	1.6453
1	2.1565	1.6453
1	2.2072	1.6453
1	2.2579	1.6453
1	2.3085	1.6453
1	2.3592	1.6453
1	2.4099	1.6453
1	2.4605	1.6453
1	2.5112	1.6453
1	2.5619	1.6453
1	2.6126	1.6453
1	2.6632	1.6453
1	2.7139	1.6453
1	2.7646	1.6453
1	2.8152	1.6453
1	2.8659	1.6453
1	2.9166	1.6453
1	2.9673	1.6453
1	3.0179	1.6453
1	3.0686	1.6453
1	3.1193	1.6453
1	3.1699	1.6453
1	3.2206	1.6453
1	3.2713	1.6453
1	3.322	1.6453
1	3.3726	1.6453
1	3.4233	1.6453
1	3.474	1.6453
1	3.5246	1.6453
1	3.5753	1.6453
1	3.626	1.6453
1	3.6766	1.6453
1	3.7273	1.6453
1	3.778	1.6453
1	3.8287	1.6453
1	3.8793	1.6453
1	3.93	1.6453
1	3.9807	1.6453
1	4.0313	1.6453
1	4.082	1.6453
1	4.1327	1.6453
1	4.1834	1.6453
1	4.234	1.6453
1	4.2847	1.6453
1	4.3354	1.6453
1	4.386	1.6453
1	4.4367	1.6453
1	4.4874	1.6453
1	4.5381	1.6453
1	4.5887	1.6453
1	4.6394	1.6453
1	4.6901	1.6453
1	4.7407	1.6453
1	4.7914	1.6453
1	4.8421	1.6453
1	4.8927	1.6453
1	4.9434	1.6453
1	4.9941	1.6453
1	5.0448	1.6453
1	5.0954	1.6453
1	5.1461	1.6453
1	5.1968	1.6453
1	5.2474	1.6453
1	5.2981	1.6453
1	5.3488	1.6453
1	5.3995	1.6453
1	5.4501	1.6453
1	5.5008	1.6453
1	5.5515	1.6453
1	5.6021	1.6453
1	5.6528	1.6453
1	5.7035	1.6453
1	5.7542	1.6453
1	5.8048	1.6453
1	5.8555	1.6453
1	5.9062	1.6453
1	5.9568	1.6453
1	6.0075	1.6453
1	6.0582	1.6453
1	6.1342	1.6952
1	6.1849	1.6952
1	6.2355	1.6952
1	0.0030121	1.6952
1	0.053683	1.6952
1	0.10435	1.6952
1	0.15502	1.6952
1	0.2057	1.6952
1	0.25637	1.6952
1	0.30704	1.6952
1	0.35771	1.6952
1	0.40838	1.6952
1	0.45905	1.6952
1	0.50972	1.6952
1	0.56039	1.6952
1	0.61106	1.6952
1	0.66173	1.6952
1	0.7124	1.6952
1	0.76307	1.6952
1	0.81375	1.6952
1	0.86442	1.6952
1	0.91509	1.6952
1	0.96576	1.6952
1	1.0164	1.6952
1	1.0671	1.6952
1	1.1178	1.6952
1	1.1684	1.6952
1	1.2191	1.6952
1	1.2698	1.6952
1	1.3205	1.6952
1	1.3711	1.6952
1	1.4218	1.6952
1	1.4725	1.6952
1	1.5231	1.6952
1	1.5738	1.6952
1	1.6245	1.6952
1	1.6752	1.6952
1	1.7258	1.6952
1	1.7765	1.6952
1	1.8272	1.6952
1	1.8778	1.6952
1	1.9285	1.6952
1	1.9792	1.6952
1	2.0298	1.6952
1	2.0805	1.6952
1	2.1312	1.6952
1	2.1819	1.6952
1	2.2325	1.6952
1	2.2832	1.6952
1	2.3339	1.6952
1	2.3845	1.6952
1	2.4352	1.6952
1	2.4859	1.6952
1	2.5366	1.6952
1	2.5872	1.6952
1	2.6379	1.6952
1	2.6886	1.6952
1	2.7392	1.6952
1	2.7899	1.6952
1	2.8406	1.6952
1	2.8913	1.6952
1	2.9419	1.6952
1	2.9926	1.6952
1	3.0433	1.6952
1	3.0939	1.6952
1	3.1446	1.6952
1	3.1953	1.6952
1	3.2459	1.6952
1	3.2966	1.6952
1	3.3473	1.6952
1	3.398	1.6952
1	3.4486	1.6952
1	3.4993	1.6952
1	3.55	1.6952
1	3.6006	1.6952
1	3.6513	1.6952
1	3.702	1.6952
1	3.7527	1.6952
1	3.8033	1.6952
1	3.854	1.6952
1	3.9047	1.6952
1	3.9553	1.6952
1	4.006	1.6952
1	4.0567	1.6952
1	4.1074	1.6952
1	4.158	1.6952
1	4.2087	1.6952
1	4.2594	1.6952
1	4.31	1.6952
1	4.3607	1.6952
1	4.4114	1.6952
1	4.462	1.6952
1	4.5127	1.6952
1	4.5634	1.6952
1	4.6141	1.6952
1	4.6647	1.6952
1	4.7154	1.6952
1	4.7661	1.6952
1	4.8167	1.6952
1	4.8674	1.6952
1	4.9181	1.6952
1	4.9688	1.6952
1	5.0194	1.6952
1	5.0701	1.6952
1	5.1208	1.6952
1	5.1714	1.6952
1	5.2221	1.6952
1	5.2728	1.6952
1	5.3235	1.6952
1	5.3741	1.6952
1	5.4248	1.6952
1	5.4755	1.6952
1	5.5261	1.6952
1	5.5768	1.6952
1	5.6275	1.6952
1	5.6781	1.6952
1	5.7288	1.6952
1	5.7795	1.6952
1	5.8302	1.6952
1	5.8808	1.6952
1	5.9315	1.6952
1	5.9822	1.6952
1	6.0328	1.6952
1	6.0835	1.6952
1	6.1354	1.7449
1	6.1869	1.7449
1	6.2384	1.7449
1	0.0067501	1.7449
1	0.058252	1.7449
1	0.10975	1.7449
1	0.16125	1.7449
1	0.21276	1.7449
1	0.26426	1.7449
1	0.31576	1.7449
1	0.36726	1.7449
1	0.41876	1.7449
1	0.47026	1.7449
1	0.52177	1.7449
1	0.57327	1.7449
1	0.62477	1.7449
1	0.67627	1.7449
1	0.72777	1.7449
1	0.77927	1.7449
1	0.83077	1.7449
1	0.88228	1.7449
1	0.93378	1.7449
1	0.98528	1.7449
1	1.0368	1.7449
1	1.0883	1.7449
1	1.1398	1.7449
1	1.1913	1.7449
1	1.2428	1.7449
1	1.2943	1.7449
1	1.3458	1.7449
1	1.3973	1.7449
1	1.4488	1.7449
1	1.5003	1.7449
1	1.5518	1.7449
1	1.6033	1.7449
1	1.6548	1.7449
1	1.7063	1.7449
1	1.7578	1.7449
1	1.8093	1.7449
1	1.8608	1.7449
1	1.9123	1.7449
1	1.9638	1.7449
1	2.0153	1.7449
1	2.0668	1.7449
1	2.1183	1.7449
1	2.1698	1.7449
1	2.2213	1.7449
1	2.2728	1.7449
1	2.3243	1.7449
1	2.3758	1.7449
1	2.4273	1.7449
1	2.4788	1.7449
1	2.5303	1.7449
1	2.5818	1.7449
1	2.6333	1.7449
1	2.6848	1.7449
1	2.7363	1.7449
1	2.7878	1.7449
1	2.8393	1.7449
1	2.8908	1.7449
1	2.9423	1.7449
1	2.9938	1.7449
1	3.0453	1.7449
1	3.0968	1.7449
1	3.1483	1.7449
1	3.1998	1.7449
1	3.2513	1.7449
1	3.3028	1.7449
1	3.3543	1.7449
1	3.4059	1.7449
1	3.4574	1.7449
1	3.5089	1.7449
1	3.5604	1.7449
1	3.6119	1.7449
1	3.6634	1.7449
1	3.7149	1.7449
1	3.7664	1.7449
1	3.8179	1.7449
1	3.8694	1.7449
1	3.9209	1.7449
1	3.9724	1.7449
1	4.0239	1.7449
1	4.0754	1.7449
1	4.1269	1.7449
1	4.1784	1.7449
1	4.2299	1.7449
1	4.2814	1.7449
1	4.3329	1.7449
1	4.3844	1.7449
1	4.4359	1.7449
1	4.4874	1.7449
1	4.5389	1.7449
1	4.5904	1.7449
1	4.6419	1.7449
1	4.6934	1.7449
1	4.7449	1.7449
1	4.7964	1.7449
1	4.8479	1.7449
1	4.8994	1.7449
1	4.9509	1.7449
1	5.0024	1.7449
1	5.0539	1.7449
1	5.1054	1.7449
1	5.1569	1.7449
1	5.2084	1.7449
1	5.2599	1.7449
1	5.3114	1.7449
1	5.3629	1.7449
1	5.4144	1.7449
1	5.4659	1.7449
1	5.5174	1.7449
1	5.5689	1.7449
1	5.6204	1.7449
1	5.6719	1.7449
1	5.7234	1.7449
1	5.7749	1.7449
1	5.8264	1.7449
1	5.8779	1.7449
1	5.9294	1.7449
1	5.9809	1.7449
1	6.0324	1.7449
1	6.0839	1.7449
1	6.1612	1.7947
1	6.2127	1.7947
1	6.2642	1.7947
1	0.032501	1.7947
1	0.084002	1.7947
1	0.1355	1.7947
1	0.18701	1.7947
1	0.23851	1.7947
1	0.29001	1.7947
1	0.34151	1.7947
1	0.39301	1.7947
1	0.44451	1.7947
1	0.49601	1.7947
1	0.54752	1.7947
1	0.59902	1.7947
1	0.65052	1.7947
1	0.70202	1.7947
1	0.75352	1.7947
1	0.80502	1.7947
1	0.85653	1.7947
1	0.90803	1.7947
1	0.95953	1.7947
1	1.011	1.7947
1	1.0625	1.7947
1	1.114	1.7947
1	1.1655	1.7947
1	1.217	1.7947
1	1.2685	1.7947
1	1.32	1.7947
1	1.3715	1.7947
1	1.423	1.7947
1	1.4745	1.7947
1	1.526	1.7947
1	1.5775	1.7947
1	1.629	1.7947
1	1.6805	1.7947
1	1.7321	1.7947
1	1.7836	1.7947
1	1.8351	1.7947
1	1.8866	1.7947
1	1.9381	1.7947
1	1.9896	1.7947
1	2.0411	1.7947
1	2.0926	1.7947
1	2.1441	1.7947
1	2.1956	1.7947
1	2.2471	1.7947
1	2.2986	1.7947
1	2.3501	1.7947
1	2.4016	1.7947
1	2.4531	1.7947
1	2.5046	1.7947
1	2.5561	1.7947
1	2.6076	1.7947
1	2.6591	1.7947
1	2.7106	1.7947
1	2.7621	1.7947
1	2.8136	1.7947
1	2.8651	1.7947
1	2.9166	1.7947
1	2.9681	1.7947
1	3.0196	1.7947
1	3.0711	1.7947
1	3.1226	1.7947
1	3.1741	1.7947
1	3.2256	1.7947
1	3.2771	1.7947
1	3.3286	1.7947
1	3.3801	1.7947
1	3.4316	1.7947
1	3.4831	1.7947
1	3.5346	1.7947
1	3.5861	1.7947
1	3.6376	1.7947
1	3.6891	1.7947
1	3.7406	1.7947
1	3.7921	1.7947
1	3.8436	1.7947
1	3.8951	1.7947
1	3.9466	1.7947
1	3.9981	1.7947
1	4.0496	1.7947
1	4.1011	1.7947
1	4.1526	1.7947
1	4.2041	1.7947
1	4.2556	1.7947
1	4.3071	1.7947
1	4.3586	1.7947
1	4.4101	1.7947
1	4.4616	1.7947
1	4.5131	1.7947
1	4.5646	1.7947
1	4.6161	1.7947
1	4.6676	1.7947
1	4.7191	1.7947
1	4.7706	1.7947
1	4.8221	1.7947
1	4.8736	1.7947
1	4.9251	1.7947
1	4.9766	1.7947
1	5.0281	1.7947
1	5.0796	1.7947
1	5.1312	1.7947
1	5.1827	1.7947
1	5.2342	1.7947
1	5.2857	1.7947
1	5.3372	1.7947
1	5.3887	1.7947
1	5.4402	1.7947
1	5.4917	1.7947
1	5.5432	1.7947
1	5.5947	1.7947
1	5.6462	1.7947
1	5.6977	1.7947
1	5.7492	1.7947
1	5.8007	1.7947
1	5.8522	1.7947
1	5.9037	1.7947
1	5.9552	1.7947
1	6.0067	1.7947
1	6.0582	1.7947
1	6.1097	1.7947
1	6.1627	1.8445
1	6.2155	1.8445
1	6.2683	1.8445
1	0.037911	1.8445
1	0.090711	1.8445
1	0.14351	1.8445
1	0.19631	1.8445
1	0.24911	1.8445
1	0.30191	1.8445
1	0.35471	1.8445
1	0.40751	1.8445
1	0.46031	1.8445
1	0.51311	1.8445
1	0.56591	1.8445
1	0.61871	1.8445
1	0.67151	1.8445
1	0.72431	1.8445
1	0.77711	1.8445
1	0.82991	1.8445
1	0.88271	1.8445
1	0.93551	1.8445
1	0.98831	1.8445
1	1.0411	1.8445
1	1.0939	1.8445
1	1.1467	1.8445
1	1.1995	1.8445
1	1.2523	1.8445
1	1.3051	1.8445
1	1.3579	1.8445
1	1.4107	1.8445
1	1.4635	1.8445
1	1.5163	1.8445
1	1.5691	1.8445
1	1.6219	1.8445
1	1.6747	1.8445
1	1.7275	1.8445
1	1.7803	1.8445
1	1.8331	1.8445
1	1.8859	1.8445
1	1.9387	1.8445
1	1.9915	1.8445
1	2.0443	1.8445
1	2.0971	1.8445
1	2.1499	1.8445
1	2.2027	1.8445
1	2.2555	1.8445
1	2.3083	1.8445
1	2.3611	1.8445
1	2.4139	1.8445
1	2.4667	1.8445
1	2.5195	1.8445
1	2.5723	1.8445
1	2.6251	1.8445
1	2.6779	1.8445
1	2.7307	1.8445
1	2.7835	1.8445
1	2.8363	1.8445
1	2.8891	1.8445
1	2.9419	1.8445
1	2.9947	1.8445
1	3.0475	1.8445
1	3.1003	1.8445
1	3.1531	1.8445
1	3.2059	1.8445
1	3.2587	1.8445
1	3.3115	1.8445
1	3.3643	1.8445
1	3.4171	1.8445
1	3.4699	1.8445
1	3.5227	1.8445
1	3.5755	1.8445
1	3.6283	1.8445
1	3.6811	1.8445
1	3.7339	1.8445
1	3.7867	1.8445
1	3.8395	1.8445
1	3.8923	1.8445
1	3.9451	1.8445
1	3.9979	1.8445
1	4.0507	1.8445
1	4.1035	1.8445
1	4.1563	1.8445
1	4.2091	1.8445
1	4.2619	1.8445
1	4.3147	1.8445
1	4.3675	1.8445
1	4.4203	1.8445
1	4.4731	1.8445
1	4.5259	1.8445
1	4.5787	1.8445
1	4.6315	1.8445
1	4.6843	1.8445
1	4.7371	1.8445
1	4.7899	1.8445
1	4.8427	1.8445
1	4.8955	1.8445
1	4.9483	1.8445
1	5.0011	1.8445
1	5.0539	1.8445
1	5.1067	1.8445
1	5.1595	1.8445
1	5.2123	1.8445
1	5.2651	1.8445
1	5.3179	1.8445
1	5.3707	1.8445
1	5.4235	1.8445
1	5.4763	1.8445
1	5.5291	1.8445
1	5.5819	1.8445
1	5.6347	1.8445
1	5.6875	1.8445
1	5.7403	1.8445
1	5.7931	1.8445
1	5.8459	1.8445
1	5.8987	1.8445
1	5.9515	1.8445
1	6.0043	1.8445
1	6.0571	1.8445
1	6.1099	1.8445
1	6.1634	1.8941
1	6.2166	1.8941
1	6.2699	1.8941
1	0.039924	1.8941
1	0.093172	1.8941
1	0.14642	1.8941
1	0.19967	1.8941
1	0.25291	1.8941
1	0.30616	1.8941
1	0.35941	1.8941
1	0.41266	1.8941
1	0.4659	1.8941
1	0.51915	1.8941
1	0.5724	1.8941
1	0.62564	1.8941
1	0.67889	1.8941
1	0.73214	1.8941
1	0.78539	1.8941
1	0.83863	1.8941
1	0.89188	1.8941
1	0.94513	1.8941
1	0.99838	1.8941
1	1.0516	1.8941
1	1.1049	1.8941
1	1.1581	1.8941
1	1.2114	1.8941
1	1.2646	1.8941
1	1.3179	1.8941
1	1.3711	1.8941
1	1.4244	1.8941
1	1.4776	1.8941
1	1.5308	1.8941
1	1.5841	1.8941
1	1.6373	1.8941
1	1.6906	1.8941
1	1.7438	1.8941
1	1.7971	1.8941
1	1.8503	1.8941
1	1.9036	1.8941
1	1.9568	1.8941
1	2.0101	1.8941
1	2.0633	1.8941
1	2.1166	1.8941
1	2.1698	1.8941
1	2.2231	1.8941
1	2.2763	1.8941
1	2.3296	1.8941
1	2.3828	1.8941
1	2.4361	1.8941
1	2.4893	1.8941
1	2.5425	1.8941
1	2.5958	1.8941
1	2.649	1.8941
1	2.7023	1.8941
1	2.7555	1.8941
1	2.8088	1.8941
1	2.862	1.8941
1	2.9153	1.8941
1	2.9685	1.8941
1	3.0218	1.8941
1	3.075	1.8941
1	3.1283	1.8941
1	3.1815	1.8941
1	3.2348	1.8941
1	3.288	1.8941
1	3.3413	1.8941
1	3.3945	1.8941
1	3.4478	1.8941
1	3.501	1.8941
1	3.5542	1.8941
1	3.6075	1.8941
1	3.6607	1.8941
1	3.714	1.8941
1	3.7672	1.8941
1	3.8205	1.8941
1	3.8737	1.8941
1	3.927	1.8941
1	3.9802	1.8941
1	4.0335	1.8941
1	4.0867	1.8941
1	4.14	1.8941
1	4.1932	1.8941
1	4.2465	1.8941
1	4.2997	1.8941
1	4.353	1.8941
1	4.4062	1.8941
1	4.4595	1.8941
1	4.5127	1.8941
1	4.5659	1.8941
1	4.6192	1.8941
1	4.6724	1.8941
1	4.7257	1.8941
1	4.7789	1.8941
1	4.8322	1.8941
1	4.8854	1.8941
1	4.9387	1.8941
1	4.9919	1.8941
1	5.0452	1.8941
1	5.0984	1.8941
1	5.1517	1.8941
1	5.2049	1.8941
1	5.2582	1.8941
1	5.3114	1.8941
1	5.3647	1.8941
1	5.4179	1.8941
1	5.4712	1.8941
1	5.5244	1.8941
1	5.5776	1.8941
1	5.6309	1.8941
1	5.6841	1.8941
1	5.7374	1.8941
1	5.7906	1.8941
1	5.8439	1.8941
1	5.8971	1.8941
1	5.9504	1.8941
1	6.0036	1.8941
1	6.0569	1.8941
1	6.1101	1.8941
1	6.1647	1.9439
1	6.2189	1.9439
1	6.2731	1.9439
1	0.044056	1.9439
1	0.098221	1.9439
1	0.15239	1.9439
1	0.20655	1.9439
1	0.26072	1.9439
1	0.31488	1.9439
1	0.36905	1.9439
1	0.42321	1.9439
1	0.47738	1.9439
1	0.53154	1.9439
1	0.58571	1.9439
1	0.63987	1.9439
1	0.69404	1.9439
1	0.74821	1.9439
1	0.80237	1.9439
1	0.85654	1.9439
1	0.9107	1.9439
1	0.96487	1.9439
1	1.019	1.9439
1	1.0732	1.9439
1	1.1274	1.9439
1	1.1815	1.9439
1	1.2357	1.9439
1	1.2899	1.9439
1	1.344	1.9439
1	1.3982	1.9439
1	1.4524	1.9439
1	1.5065	1.9439
1	1.5607	1.9439
1	1.6149	1.9439
1	1.669	1.9439
1	1.7232	1.9439
1	1.7773	1.9439
1	1.8315	1.9439
1	1.8857	1.9439
1	1.9398	1.9439
1	1.994	1.9439
1	2.0482	1.9439
1	2.1023	1.9439
1	2.1565	1.9439
1	2.2107	1.9439
1	2.2648	1.9439
1	2.319	1.9439
1	2.3732	1.9439
1	2.4273	1.9439
1	2.4815	1.9439
1	2.5357	1.9439
1	2.5898	1.9439
1	2.644	1.9439
1	2.6982	1.9439
1	2.7523	1.9439
1	2.8065	1.9439
1	2.8607	1.9439
1	2.9148	1.9439
1	2.969	1.9439
1	3.0232	1.9439
1	3.0773	1.9439
1	3.1315	1.9439
1	3.1856	1.9439
1	3.2398	1.9439
1	3.294	1.9439
1	3.3481	1.9439
1	3.4023	1.9439
1	3.4565	1.9439
1	3.5106	1.9439
1	3.5648	1.9439
1	3.619	1.9439
1	3.6731	1.9439
1	3.7273	1.9439
1	3.7815	1.9439
1	3.8356	1.9439
1	3.8898	1.9439
1	3.944	1.9439
1	3.9981	1.9439
1	4.0523	1.9439
1	4.1065	1.9439
1	4.1606	1.9439
1	4.2148	1.9439
1	4.269	1.9439
1	4.3231	1.9439
1	4.3773	1.9439
1	4.4315	1.9439
1	4.4856	1.9439
1	4.5398	1.9439
1	4.5939	1.9439
1	4.6481	1.9439
1	4.7023	1.9439
1	4.7564	1.9439
1	4.8106	1.9439
1	4.8648	1.9439
1	4.9189	1.9439
1	4.9731	1.9439
1	5.0273	1.9439
1	5.0814	1.9439
1	5.1356	1.9439
1	5.1898	1.9439
1	5.2439	1.9439
1	5.2981	1.9439
1	5.3523	1.9439
1	5.4064	1.9439
1	5.4606	1.9439
1	5.5148	1.9439
1	5.5689	1.9439
1	5.6231	1.9439
1	5.6773	1.9439
1	5.7314	1.9439
1	5.7856	1.9439
1	5.8398	1.9439
1	5.8939	1.9439
1	5.9481	1.9439
1	6.0022	1.9439
1	6.0564	1.9439
1	6.1106	1.9439
1	6.1662	1.9938
1	6.2213	1.9938
1	6.2764	1.9938
1	0.048332	1.9938
1	0.10345	1.9938
1	0.15856	1.9938
1	0.21368	1.9938
1	0.26879	1.9938
1	0.32391	1.9938
1	0.37903	1.9938
1	0.43414	1.9938
1	0.48926	1.9938
1	0.54437	1.9938
1	0.59949	1.9938
1	0.6546	1.9938
1	0.70972	1.9938
1	0.76484	1.9938
1	0.81995	1.9938
1	0.87507	1.9938
1	0.93018	1.9938
1	0.9853	1.9938
1	1.0404	1.9938
1	1.0955	1.9938
1	1.1506	1.9938
1	1.2058	1.9938
1	1.2609	1.9938
1	1.316	1.9938
1	1.3711	1.9938
1	1.4262	1.9938
1	1.4813	1.9938
1	1.5365	1.9938
1	1.5916	1.9938
1	1.6467	1.9938
1	1.7018	1.9938
1	1.7569	1.9938
1	1.812	1.9938
1	1.8671	1.9938
1	1.9223	1.9938
1	1.9774	1.9938
1	2.0325	1.9938
1	2.0876	1.9938
1	2.1427	1.9938
1	2.1978	1.9938
1	2.253	1.9938
1	2.3081	1.9938
1	2.3632	1.9938
1	2.4183	1.9938
1	2.4734	1.9938
1	2.5285	1.9938
1	2.5837	1.9938
1	2.6388	1.9938
1	2.6939	1.9938
1	2.749	1.9938
1	2.8041	1.9938
1	2.8592	1.9938
1	2.9143	1.9938
1	2.9695	1.9938
1	3.0246	1.9938
1	3.0797	1.9938
1	3.1348	1.9938
1	3.1899	1.9938
1	3.245	1.9938
1	3.3002	1.9938
1	3.3553	1.9938
1	3.4104	1.9938
1	3.4655	1.9938
1	3.5206	1.9938
1	3.5757	1.9938
1	3.6308	1.9938
1	3.686	1.9938
1	3.7411	1.9938
1	3.7962	1.9938
1	3.8513	1.9938
1	3.9064	1.9938
1	3.9615	1.9938
1	4.0167	1.9938
1	4.0718	1.9938
1	4.1269	1.9938
1	4.182	1.9938
1	4.2371	1.9938
1	4.2922	1.9938
1	4.3474	1.9938
1	4.4025	1.9938
1	4.4576	1.9938
1	4.5127	1.9938
1	4.5678	1.9938
1	4.6229	1.9938
1	4.678	1.9938
1	4.7332	1.9938
1	4.7883	1.9938
1	4.8434	1.9938
1	4.8985	1.9938
1	4.9536	1.9938
1	5.0087	1.9938
1	5.0639	1.9938
1	5.119	1.9938
1	5.1741	1.9938
1	5.2292	1.9938
1	5.2843	1.9938
1	5.3394	1.9938
1	5.3946	1.9938
1	5.4497	1.9938
1	5.5048	1.9938
1	5.5599	1.9938
1	5.615	1.9938
1	5.6701	1.9938
1	5.7252	1.9938
1	5.7804	1.9938
1	5.8355	1.9938
1	5.8906	1.9938
1	5.9457	1.9938
1	6.0008	1.9938
1	6.0559	1.9938
1	6.1111	1.9938
1	6.1687	2.0435
1	6.2258	2.0435
1	6.2829	2.0435
1	0.05685	2.0435
1	0.11397	2.0435
1	0.17109	2.0435
1	0.22821	2.0435
1	0.28533	2.0435
1	0.34245	2.0435
1	0.39957	2.0435
1	0.45669	2.0435
1	0.51381	2.0435
1	0.57093	2.0435
1	0.62805	2.0435
1	0.68517	2.0435
1	0.74229	2.0435
1	0.79941	2.0435
1	0.85653	2.0435
1	0.91365	2.0435
1	0.97077	2.0435
1	1.0279	2.0435
1	1.085	2.0435
1	1.1421	2.0435
1	1.1992	2.0435
1	1.2564	2.0435
1	1.3135	2.0435
1	1.3706	2.0435
1	1.4277	2.0435
1	1.4848	2.0435
1	1.542	2.0435
1	1.5991	2.0435
1	1.6562	2.0435
1	1.7133	2.0435
1	1.7704	2.0435
1	1.8276	2.0435
1	1.8847	2.0435
1	1.9418	2.0435
1	1.9989	2.0435
1	2.056	2.0435
1	2.1132	2.0435
1	2.1703	2.0435
1	2.2274	2.0435
1	2.2845	2.0435
1	2.3416	2.0435
1	2.3988	2.0435
1	2.4559	2.0435
1	2.513	2.0435
1	2.5701	2.0435
1	2.6272	2.0435
1	2.6844	2.0435
1	2.7415	2.0435
1	2.7986	2.0435
1	2.8557	2.0435
1	2.9128	2.0435
1	2.97	2.0435
1	3.0271	2.0435
1	3.0842	2.0435
1	3.1413	2.0435
1	3.1984	2.0435
1	3.2556	2.0435
1	3.3127	2.0435
1	3.3698	2.0435
1	3.4269	2.0435
1	3.484	2.0435
1	3.5412	2.0435
1	3.5983	2.0435
1	3.6554	2.0435
1	3.7125	2.0435
1	3.7696	2.0435
1	3.8268	2.0435
1	3.8839	2.0435
1	3.941	2.0435
1	3.9981	2.0435
1	4.0552	2.0435
1	4.1124	2.0435
1	4.1695	2.0435
1	4.2266	2.0435
1	4.2837	2.0435
1	4.3408	2.0435
1	4.398	2.0435
1	4.4551	2.0435
1	4.5122	2.0435
1	4.5693	2.0435
1	4.6264	2.0435
1	4.6836	2.0435
1	4.7407	2.0435
1	4.7978	2.0435
1	4.8549	2.0435
1	4.912	2.0435
1	4.9692	2.0435
1	5.0263	2.0435
1	5.0834	2.0435
1	5.1405	2.0435
1	5.1976	2.0435
1	5.2548	2.0435
1	5.3119	2.0435
1	5.369	2.0435
1	5.4261	2.0435
1	5.4832	2.0435
1	5.5404	2.0435
1	5.5975	2.0435
1	5.6546	2.0435
1	5.7117	2.0435
1	5.7688	2.0435
1	5.826	2.0435
1	5.8831	2.0435
1	5.9402	2.0435
1	5.9973	2.0435
1	6.0544	2.0435
1	6.1116	2.0435
1	6.1703	2.0932
1	6.2284	2.0932
1	0.0034319	2.0932
1	0.06161	2.0932
1	0.11979	2.0932
1	0.17796	2.0932
1	0.23614	2.0932
1	0.29432	2.0932
1	0.3525	2.0932
1	0.41068	2.0932
1	0.46885	2.0932
1	0.52703	2.0932
1	0.58521	2.0932
1	0.64339	2.0932
1	0.70156	2.0932
1	0.75974	2.0932
1	0.81792	2.0932
1	0.8761	2.0932
1	0.93427	2.0932
1	0.99245	2.0932
1	1.0506	2.0932
1	1.1088	2.0932
1	1.167	2.0932
1	1.2252	2.0932
1	1.2833	2.0932
1	1.3415	2.0932
1	1.3997	2.0932
1	1.4579	2.0932
1	1.5161	2.0932
1	1.5742	2.0932
1	1.6324	2.0932
1	1.6906	2.0932
1	1.7488	2.0932
1	1.8069	2.0932
1	1.8651	2.0932
1	1.9233	2.0932
1	1.9815	2.0932
1	2.0396	2.0932
1	2.0978	2.0932
1	2.156	2.0932
1	2.2142	2.0932
1	2.2724	2.0932
1	2.3305	2.0932
1	2.3887	2.0932
1	2.4469	2.0932
1	2.5051	2.0932
1	2.5632	2.0932
1	2.6214	2.0932
1	2.6796	2.0932
1	2.7378	2.0932
1	2.796	2.0932
1	2.8541	2.0932
1	2.9123	2.0932
1	2.9705	2.0932
1	3.0287	2.0932
1	3.0868	2.0932
1	3.145	2.0932
1	3.2032	2.0932
1	3.2614	2.0932
1	3.3196	2.0932
1	3.3777	2.0932
1	3.4359	2.0932
1	3.4941	2.0932
1	3.5523	2.0932
1	3.6104	2.0932
1	3.6686	2.0932
1	3.7268	2.0932
1	3.785	2.0932
1	3.8432	2.0932
1	3.9013	2.0932
1	3.9595	2.0932
1	4.0177	2.0932
1	4.0759	2.0932
1	4.134	2.0932
1	4.1922	2.0932
1	4.2504	2.0932
1	4.3086	2.0932
1	4.3668	2.0932
1	4.4249	2.0932
1	4.4831	2.0932
1	4.5413	2.0932
1	4.5995	2.0932
1	4.6576	2.0932
1	4.7158	2.0932
1	4.774	2.0932
1	4.8322	2.0932
1	4.8904	2.0932
1	4.9485	2.0932
1	5.0067	2.0932
1	5.0649	2.0932
1	5.1231	2.0932
1	5.1812	2.0932
1	5.2394	2.0932
1	5.2976	2.0932
1	5.3558	2.0932
1	5.414	2.0932
1	5.4721	2.0932
1	5.5303	2.0932
1	5.5885	2.0932
1	5.6467	2.0932
1	5.7048	2.0932
1	5.763	2.0932
1	5.8212	2.0932
1	5.8794	2.0932
1	5.9376	2.0932
1	5.9957	2.0932
1	6.0539	2.0932
1	6.1121	2.0932
1	6.1728	2.1431
1	6.2326	2.1431
1	0.0092497	2.1431
1	0.06909	2.1431
1	0.12893	2.1431
1	0.18877	2.1431
1	0.24861	2.1431
1	0.30845	2.1431
1	0.36829	2.1431
1	0.42813	2.1431
1	0.48797	2.1431
1	0.54781	2.1431
1	0.60765	2.1431
1	0.66749	2.1431
1	0.72733	2.1431
1	0.78717	2.1431
1	0.84701	2.1431
1	0.90685	2.1431
1	0.96669	2.1431
1	1.0265	2.1431
1	1.0864	2.1431
1	1.1462	2.1431
1	1.206	2.1431
1	1.2659	2.1431
1	1.3257	2.1431
1	1.3856	2.1431
1	1.4454	2.1431
1	1.5052	2.1431
1	1.5651	2.1431
1	1.6249	2.1431
1	1.6848	2.1431
1	1.7446	2.1431
1	1.8044	2.1431
1	1.8643	2.1431
1	1.9241	2.1431
1	1.984	2.1431
1	2.0438	2.1431
1	2.1036	2.1431
1	2.1635	2.1431
1	2.2233	2.1431
1	2.2832	2.1431
1	2.343	2.1431
1	2.4028	2.1431
1	2.4627	2.1431
1	2.5225	2.1431
1	2.5824	2.1431
1	2.6422	2.1431
1	2.702	2.1431
1	2.7619	2.1431
1	2.8217	2.1431
1	2.8816	2.1431
1	2.9414	2.1431
1	3.0012	2.1431
1	3.0611	2.1431
1	3.1209	2.1431
1	3.1808	2.1431
1	3.2406	2.1431
1	3.3004	2.1431
1	3.3603	2.1431
1	3.4201	2.1431
1	3.48	2.1431
1	3.5398	2.1431
1	3.5996	2.1431
1	3.6595	2.1431
1	3.7193	2.1431
1	3.7792	2.1431
1	3.839	2.1431
1	3.8988	2.1431
1	3.9587	2.1431
1	4.0185	2.1431
1	4.0784	2.1431
1	4.1382	2.1431
1	4.198	2.1431
1	4.2579	2.1431
1	4.3177	2.1431
1	4.3776	2.1431
1	4.4374	2.1431
1	4.4972	2.1431
1	4.5571	2.1431
1	4.6169	2.1431
1	4.6768	2.1431
1	4.7366	2.1431
1	4.7964	2.1431
1	4.8563	2.1431
1	4.9161	2.1431
1	4.976	2.1431
1	5.0358	2.1431
1	5.0956	2.1431
1	5.1555	2.1431
1	5.2153	2.1431
1	5.2752	2.1431
1	5.335	2.1431
1	5.3948	2.1431
1	5.4547	2.1431
1	5.5145	2.1431
1	5.5744	2.1431
1	5.6342	2.1431
1	5.694	2.1431
1	5.7539	2.1431
1	5.8137	2.1431
1	5.8736	2.1431
1	5.9334	2.1431
1	5.9932	2.1431
1	6.0531	2.1431
1	6.1129	2.1431
1	6.1754	2.1929
1	6.2376	2.1929
1	0.016656	2.1929
1	0.078865	2.1929
1	0.14108	2.1929
1	0.20328	2.1929
1	0.26549	2.1929
1	0.3277	2.1929
1	0.38991	2.1929
1	0.45212	2.1929
1	0.51433	2.1929
1	0.57654	2.1929
1	0.63875	2.1929
1	0.70096	2.1929
1	0.76317	2.1929
1	0.82538	2.1929
1	0.88759	2.1929
1	0.9498	2.1929
1	1.012	2.1929
1	1.0742	2.1929
1	1.1364	2.1929
1	1.1986	2.1929
1	1.2609	2.1929
1	1.3231	2.1929
1	1.3853	2.1929
1	1.4475	2.1929
1	1.5097	2.1929
1	1.5719	2.1929
1	1.6341	2.1929
1	1.6963	2.1929
1	1.7585	2.1929
1	1.8207	2.1929
1	1.8829	2.1929
1	1.9452	2.1929
1	2.0074	2.1929
1	2.0696	2.1929
1	2.1318	2.1929
1	2.194	2.1929
1	2.2562	2.1929
1	2.3184	2.1929
1	2.3806	2.1929
1	2.4428	2.1929
1	2.505	2.1929
1	2.5673	2.1929
1	2.6295	2.1929
1	2.6917	2.1929
1	2.7539	2.1929
1	2.8161	2.1929
1	2.8783	2.1929
1	2.9405	2.1929
1	3.0027	2.1929
1	3.0649	2.1929
1	3.1271	2.1929
1	3.1894	2.1929
1	3.2516	2.1929
1	3.3138	2.1929
1	3.376	2.1929
1	3.4382	2.1929
1	3.5004	2.1929
1	3.5626	2.1929
1	3.6248	2.1929
1	3.687	2.1929
1	3.7492	2.1929
1	3.8115	2.1929
1	3.8737	2.1929
1	3.9359	2.1929
1	3.9981	2.1929
1	4.0603	2.1929
1	4.1225	2.1929
1	4.1847	2.1929
1	4.2469	2.1929
1	4.3091	2.1929
1	4.3713	2.1929
1	4.4335	2.1929
1	4.4958	2.1929
1	4.558	2.1929
1	4.6202	2.1929
1	4.6824	2.1929
1	4.7446	2.1929
1	4.8068	2.1929
1	4.869	2.1929
1	4.9312	2.1929
1	4.9934	2.1929
1	5.0556	2.1929
1	5.1179	2.1929
1	5.1801	2.1929
1	5.2423	2.1929
1	5.3045	2.1929
1	5.3667	2.1929
1	5.4289	2.1929
1	5.4911	2.1929
1	5.5533	2.1929
1	5.6155	2.1929
1	5.6777	2.1929
1	5.74	2.1929
1	5.8022	2.1929
1	5.8644	2.1929
1	5.9266	2.1929
1	5.9888	2.1929
1	6.051	2.1929
1	6.1132	2.1929
1	6.1783	2.2426
1	6.2431	2.2426
1	0.024672	2.2426
1	0.089447	2.2426
1	0.15422	2.2426
1	0.219	2.2426
1	0.28377	2.2426
1	0.34855	2.2426
1	0.41332	2.2426
1	0.4781	2.2426
1	0.54287	2.2426
1	0.60765	2.2426
1	0.67242	2.2426
1	0.7372	2.2426
1	0.80197	2.2426
1	0.86675	2.2426
1	0.93152	2.2426
1	0.9963	2.2426
1	1.0611	2.2426
1	1.1258	2.2426
1	1.1906	2.2426
1	1.2554	2.2426
1	1.3202	2.2426
1	1.3849	2.2426
1	1.4497	2.2426
1	1.5145	2.2426
1	1.5793	2.2426
1	1.6441	2.2426
1	1.7088	2.2426
1	1.7736	2.2426
1	1.8384	2.2426
1	1.9032	2.2426
1	1.9679	2.2426
1	2.0327	2.2426
1	2.0975	2.2426
1	2.1623	2.2426
1	2.227	2.2426
1	2.2918	2.2426
1	2.3566	2.2426
1	2.4214	2.2426
1	2.4861	2.2426
1	2.5509	2.2426
1	2.6157	2.2426
1	2.6805	2.2426
1	2.7452	2.2426
1	2.81	2.2426
1	2.8748	2.2426
1	2.9396	2.2426
1	3.0043	2.2426
1	3.0691	2.2426
1	3.1339	2.2426
1	3.1987	2.2426
1	3.2634	2.2426
1	3.3282	2.2426
1	3.393	2.2426
1	3.4578	2.2426
1	3.5225	2.2426
1	3.5873	2.2426
1	3.6521	2.2426
1	3.7169	2.2426
1	3.7816	2.2426
1	3.8464	2.2426
1	3.9112	2.2426
1	3.976	2.2426
1	4.0407	2.2426
1	4.1055	2.2426
1	4.1703	2.2426
1	4.2351	2.2426
1	4.2998	2.2426
1	4.3646	2.2426
1	4.4294	2.2426
1	4.4942	2.2426
1	4.5589	2.2426
1	4.6237	2.2426
1	4.6885	2.2426
1	4.7533	2.2426
1	4.818	2.2426
1	4.8828	2.2426
1	4.9476	2.2426
1	5.0124	2.2426
1	5.0771	2.2426
1	5.1419	2.2426
1	5.2067	2.2426
1	5.2715	2.2426
1	5.3362	2.2426
1	5.401	2.2426
1	5.4658	2.2426
1	5.5306	2.2426
1	5.5953	2.2426
1	5.6601	2.2426
1	5.7249	2.2426
1	5.7897	2.2426
1	5.8544	2.2426
1	5.9192	2.2426
1	5.984	2.2426
1	6.0488	2.2426
1	6.1135	2.2426
1	6.1814	2.2922
1	6.249	2.2922
1	0.033379	2.2922
1	0.10094	2.2922
1	0.1685	2.2922
1	0.23606	2.2922
1	0.30362	2.2922
1	0.37118	2.2922
1	0.43875	2.2922
1	0.50631	2.2922
1	0.57387	2.2922
1	0.64143	2.2922
1	0.70899	2.2922
1	0.77655	2.2922
1	0.84411	2.2922
1	0.91167	2.2922
1	0.97923	2.2922
1	1.0468	2.2922
1	1.1144	2.2922
1	1.1819	2.2922
1	1.2495	2.2922
1	1.317	2.2922
1	1.3846	2.2922
1	1.4522	2.2922
1	1.5197	2.2922
1	1.5873	2.2922
1	1.6548	2.2922
1	1.7224	2.2922
1	1.79	2.2922
1	1.8575	2.2922
1	1.9251	2.2922
1	1.9927	2.2922
1	2.0602	2.2922
1	2.1278	2.2922
1	2.1953	2.2922
1	2.2629	2.2922
1	2.3305	2.2922
1	2.398	2.2922
1	2.4656	2.2922
1	2.5331	2.2922
1	2.6007	2.2922
1	2.6683	2.2922
1	2.7358	2.2922
1	2.8034	2.2922
1	2.8709	2.2922
1	2.9385	2.2922
1	3.0061	2.2922
1	3.0736	2.2922
1	3.1412	2.2922
1	3.2088	2.2922
1	3.2763	2.2922
1	3.3439	2.2922
1	3.4114	2.2922
1	3.479	2.2922
1	3.5466	2.2922
1	3.6141	2.2922
1	3.6817	2.2922
1	3.7492	2.2922
1	3.8168	2.2922
1	3.8844	2.2922
1	3.9519	2.2922
1	4.0195	2.2922
1	4.087	2.2922
1	4.1546	2.2922
1	4.2222	2.2922
1	4.2897	2.2922
1	4.3573	2.2922
1	4.4249	2.2922
1	4.4924	2.2922
1	4.56	2.2922
1	4.6275	2.2922
1	4.6951	2.2922
1	4.7627	2.2922
1	4.8302	2.2922
1	4.8978	2.2922
1	4.9653	2.2922
1	5.0329	2.2922
1	5.1005	2.2922
1	5.168	2.2922
1	5.2356	2.2922
1	5.3031	2.2922
1	5.3707	2.2922
1	5.4383	2.2922
1	5.5058	2.2922
1	5.5734	2.2922
1	5.641	2.2922
1	5.7085	2.2922
1	5.7761	2.2922
1	5.8436	2.2922
1	5.9112	2.2922
1	5.9788	2.2922
1	6.0463	2.2922
1	6.1139	2.2922
1	6.1848	2.342
1	6.2546	2.342
1	0.041261	2.342
1	0.11107	2.342
1	0.18089	2.342
1	0.2507	2.342
1	0.32051	2.342
1	0.39033	2.342
1	0.46014	2.342
1	0.52995	2.342
1	0.59977	2.342
1	0.66958	2.342
1	0.73939	2.342
1	0.80921	2.342
1	0.87902	2.342
1	0.94883	2.342
1	1.0186	2.342
1	1.0885	2.342
1	1.1583	2.342
1	1.2281	2.342
1	1.2979	2.342
1	1.3677	2.342
1	1.4375	2.342
1	1.5073	2.342
1	1.5772	2.342
1	1.647	2.342
1	1.7168	2.342
1	1.7866	2.342
1	1.8564	2.342
1	1.9262	2.342
1	1.996	2.342
1	2.0658	2.342
1	2.1357	2.342
1	2.2055	2.342
1	2.2753	2.342
1	2.3451	2.342
1	2.4149	2.342
1	2.4847	2.342
1	2.5545	2.342
1	2.6243	2.342
1	2.6942	2.342
1	2.764	2.342
1	2.8338	2.342
1	2.9036	2.342
1	2.9734	2.342
1	3.0432	2.342
1	3.113	2.342
1	3.1829	2.342
1	3.2527	2.342
1	3.3225	2.342
1	3.3923	2.342
1	3.4621	2.342
1	3.5319	2.342
1	3.6017	2.342
1	3.6715	2.342
1	3.7414	2.342
1	3.8112	2.342
1	3.881	2.342
1	3.9508	2.342
1	4.0206	2.342
1	4.0904	2.342
1	4.1602	2.342
1	4.2301	2.342
1	4.2999	2.342
1	4.3697	2.342
1	4.4395	2.342
1	4.5093	2.342
1	4.5791	2.342
1	4.6489	2.342
1	4.7187	2.342
1	4.7886	2.342
1	4.8584	2.342
1	4.9282	2.342
1	4.998	2.342
1	5.0678	2.342
1	5.1376	2.342
1	5.2074	2.342
1	5.2772	2.342
1	5.3471	2.342
1	5.4169	2.342
1	5.4867	2.342
1	5.5565	2.342
1	5.6263	2.342
1	5.6961	2.342
1	5.7659	2.342
1	5.8358	2.342
1	5.9056	2.342
1	5.9754	2.342
1	6.0452	2.342
1	6.115	2.342
1	6.1923	2.3918
1	6.2671	2.3918
1	0.058714	2.3918
1	0.13351	2.3918
1	0.20831	2.3918
1	0.28311	2.3918
1	0.35791	2.3918
1	0.43271	2.3918
1	0.50751	2.3918
1	0.58231	2.3918
1	0.65711	2.3918
1	0.73191	2.3918
1	0.80671	2.3918
1	0.88151	2.3918
1	0.95631	2.3918
1	1.0311	2.3918
1	1.1059	2.3918
1	1.1807	2.3918
1	1.2555	2.3918
1	1.3303	2.3918
1	1.4051	2.3918
1	1.4799	2.3918
1	1.5547	2.3918
1	1.6295	2.3918
1	1.7043	2.3918
1	1.7791	2.3918
1	1.8539	2.3918
1	1.9287	2.3918
1	2.0035	2.3918
1	2.0783	2.3918
1	2.1531	2.3918
1	2.2279	2.3918
1	2.3027	2.3918
1	2.3775	2.3918
1	2.4523	2.3918
1	2.5271	2.3918
1	2.6019	2.3918
1	2.6767	2.3918
1	2.7515	2.3918
1	2.8263	2.3918
1	2.9011	2.3918
1	2.9759	2.3918
1	3.0507	2.3918
1	3.1255	2.3918
1	3.2003	2.3918
1	3.2751	2.3918
1	3.3499	2.3918
1	3.4247	2.3918
1	3.4995	2.3918
1	3.5743	2.3918
1	3.6491	2.3918
1	3.7239	2.3918
1	3.7987	2.3918
1	3.8735	2.3918
1	3.9483	2.3918
1	4.0231	2.3918
1	4.0979	2.3918
1	4.1727	2.3918
1	4.2475	2.3918
1	4.3223	2.3918
1	4.3971	2.3918
1	4.4719	2.3918
1	4.5467	2.3918
1	4.6215	2.3918
1	4.6963	2.3918
1	4.7711	2.3918
1	4.8459	2.3918
1	4.9207	2.3918
1	4.9955	2.3918
1	5.0703	2.3918
1	5.1451	2.3918
1	5.2199	2.3918
1	5.2947	2.3918
1	5.3695	2.3918
1	5.4443	2.3918
1	5.5191	2.3918
1	5.5939	2.3918
1	5.6687	2.3918
1	5.7435	2.3918
1	5.8183	2.3918
1	5.8931	2.3918
1	5.9679	2.3918
1	6.0427	2.3918
1	6.1175	2.3918
1	6.1965	2.4416
1	6.274	2.4416
1	0.06841	2.4416
1	0.14598	2.4416
1	0.22355	2.4416
1	0.30112	2.4416
1	0.37869	2.4416
1	0.45626	2.4416
1	0.53383	2.4416
1	0.6114	2.4416
1	0.68897	2.4416
1	0.76654	2.4416
1	0.84411	2.4416
1	0.92168	2.4416
1	0.99925	2.4416
1	1.0768	2.4416
1	1.1544	2.4416
1	1.232	2.4416
1	1.3095	2.4416
1	1.3871	2.4416
1	1.4647	2.4416
1	1.5422	2.4416
1	1.6198	2.4416
1	1.6974	2.4416
1	1.775	2.4416
1	1.8525	2.4416
1	1.9301	2.4416
1	2.0077	2.4416
1	2.0852	2.4416
1	2.1628	2.4416
1	2.2404	2.4416
1	2.3179	2.4416
1	2.3955	2.4416
1	2.4731	2.4416
1	2.5507	2.4416
1	2.6282	2.4416
1	2.7058	2.4416
1	2.7834	2.4416
1	2.8609	2.4416
1	2.9385	2.4416
1	3.0161	2.4416
1	3.0936	2.4416
1	3.1712	2.4416
1	3.2488	2.4416
1	3.3264	2.4416
1	3.4039	2.4416
1	3.4815	2.4416
1	3.5591	2.4416
1	3.6366	2.4416
1	3.7142	2.4416
1	3.7918	2.4416
1	3.8693	2.4416
1	3.9469	2.4416
1	4.0245	2.4416
1	4.1021	2.4416
1	4.1796	2.4416
1	4.2572	2.4416
1	4.3348	2.4416
1	4.4123	2.4416
1	4.4899	2.4416
1	4.5675	2.4416
1	4.6451	2.4416
1	4.7226	2.4416
1	4.8002	2.4416
1	4.8778	2.4416
1	4.9553	2.4416
1	5.0329	2.4416
1	5.1105	2.4416
1	5.188	2.4416
1	5.2656	2.4416
1	5.3432	2.4416
1	5.4208	2.4416
1	5.4983	2.4416
1	5.5759	2.4416
1	5.6535	2.4416
1	5.731	2.4416
1	5.8086	2.4416
1	5.8862	2.4416
1	5.9637	2.4416
1	6.0413	2.4416
1	6.1189	2.4416
1	6.2042	2.4915
1	0.0048028	2.4915
1	0.088579	2.4915
1	0.17235	2.4915
1	0.25613	2.4915
1	0.33991	2.4915
1	0.42368	2.4915
1	0.50746	2.4915
1	0.59123	2.4915
1	0.67501	2.4915
1	0.75879	2.4915
1	0.84256	2.4915
1	0.92634	2.4915
1	1.0101	2.4915
1	1.0939	2.4915
1	1.1777	2.4915
1	1.2614	2.4915
1	1.3452	2.4915
1	1.429	2.4915
1	1.5128	2.4915
1	1.5965	2.4915
1	1.6803	2.4915
1	1.7641	2.4915
1	1.8479	2.4915
1	1.9316	2.4915
1	2.0154	2.4915
1	2.0992	2.4915
1	2.183	2.4915
1	2.2667	2.4915
1	2.3505	2.4915
1	2.4343	2.4915
1	2.5181	2.4915
1	2.6019	2.4915
1	2.6856	2.4915
1	2.7694	2.4915
1	2.8532	2.4915
1	2.937	2.4915
1	3.0207	2.4915
1	3.1045	2.4915
1	3.1883	2.4915
1	3.2721	2.4915
1	3.3558	2.4915
1	3.4396	2.4915
1	3.5234	2.4915
1	3.6072	2.4915
1	3.6909	2.4915
1	3.7747	2.4915
1	3.8585	2.4915
1	3.9423	2.4915
1	4.026	2.4915
1	4.1098	2.4915
1	4.1936	2.4915
1	4.2774	2.4915
1	4.3611	2.4915
1	4.4449	2.4915
1	4.5287	2.4915
1	4.6125	2.4915
1	4.6962	2.4915
1	4.78	2.4915
1	4.8638	2.4915
1	4.9476	2.4915
1	5.0314	2.4915
1	5.1151	2.4915
1	5.1989	2.4915
1	5.2827	2.4915
1	5.3665	2.4915
1	5.4502	2.4915
1	5.534	2.4915
1	5.6178	2.4915
1	5.7016	2.4915
1	5.7853	2.4915
1	5.8691	2.4915
1	5.9529	2.4915
1	6.0367	2.4915
1	6.1204	2.4915
1	6.2132	2.5411
1	0.019763	2.5411
1	0.10952	2.5411
1	0.19928	2.5411
1	0.28904	2.5411
1	0.3788	2.5411
1	0.46856	2.5411
1	0.55832	2.5411
1	0.64808	2.5411
1	0.73784	2.5411
1	0.8276	2.5411
1	0.91736	2.5411
1	1.0071	2.5411
1	1.0969	2.5411
1	1.1866	2.5411
1	1.2764	2.5411
1	1.3662	2.5411
1	1.4559	2.5411
1	1.5457	2.5411
1	1.6354	2.5411
1	1.7252	2.5411
1	1.815	2.5411
1	1.9047	2.5411
1	1.9945	2.5411
1	2.0842	2.5411
1	2.174	2.5411
1	2.2638	2.5411
1	2.3535	2.5411
1	2.4433	2.5411
1	2.533	2.5411
1	2.6228	2.5411
1	2.7126	2.5411
1	2.8023	2.5411
1	2.8921	2.5411
1	2.9818	2.5411
1	3.0716	2.5411
1	3.1614	2.5411
1	3.2511	2.5411
1	3.3409	2.5411
1	3.4306	2.5411
1	3.5204	2.5411
1	3.6102	2.5411
1	3.6999	2.5411
1	3.7897	2.5411
1	3.8794	2.5411
1	3.9692	2.5411
1	4.059	2.5411
1	4.1487	2.5411
1	4.2385	2.5411
1	4.3282	2.5411
1	4.418	2.5411
1	4.5078	2.5411
1	4.5975	2.5411
1	4.6873	2.5411
1	4.777	2.5411
1	4.8668	2.5411
1	4.9566	2.5411
1	5.0463	2.5411
1	5.1361	2.5411
1	5.2258	2.5411
1	5.3156	2.5411
1	5.4054	2.5411
1	5.4951	2.5411
1	5.5849	2.5411
1	5.6746	2.5411
1	5.7644	2.5411
1	5.8541	2.5411
1	5.9439	2.5411
1	6.0337	2.5411
1	6.1234	2.5411
1	6.2235	2.5907
1	0.037024	2.5907
1	0.13369	2.5907
1	0.23035	2.5907
1	0.32702	2.5907
1	0.42368	2.5907
1	0.52035	2.5907
1	0.61701	2.5907
1	0.71368	2.5907
1	0.81034	2.5907
1	0.907	2.5907
1	1.0037	2.5907
1	1.1003	2.5907
1	1.197	2.5907
1	1.2937	2.5907
1	1.3903	2.5907
1	1.487	2.5907
1	1.5837	2.5907
1	1.6803	2.5907
1	1.777	2.5907
1	1.8736	2.5907
1	1.9703	2.5907
1	2.067	2.5907
1	2.1636	2.5907
1	2.2603	2.5907
1	2.357	2.5907
1	2.4536	2.5907
1	2.5503	2.5907
1	2.647	2.5907
1	2.7436	2.5907
1	2.8403	2.5907
1	2.937	2.5907
1	3.0336	2.5907
1	3.1303	2.5907
1	3.2269	2.5907
1	3.3236	2.5907
1	3.4203	2.5907
1	3.5169	2.5907
1	3.6136	2.5907
1	3.7103	2.5907
1	3.8069	2.5907
1	3.9036	2.5907
1	4.0003	2.5907
1	4.0969	2.5907
1	4.1936	2.5907
1	4.2903	2.5907
1	4.3869	2.5907
1	4.4836	2.5907
1	4.5803	2.5907
1	4.6769	2.5907
1	4.7736	2.5907
1	4.8702	2.5907
1	4.9669	2.5907
1	5.0636	2.5907
1	5.1602	2.5907
1	5.2569	2.5907
1	5.3536	2.5907
1	5.4502	2.5907
1	5.5469	2.5907
1	5.6436	2.5907
1	5.7402	2.5907
1	5.8369	2.5907
1	5.9336	2.5907
1	6.0302	2.5907
1	6.1269	2.5907
1	6.2356	2.6405
1	0.057163	2.6405
1	0.16188	2.6405
1	0.2666	2.6405
1	0.37132	2.6405
1	0.47604	2.6405
1	0.58076	2.6405
1	0.68548	2.6405
1	0.7902	2.6405
1	0.89492	2.6405
1	0.99964	2.6405
1	1.1044	2.6405
1	1.2091	2.6405
1	1.3138	2.6405
1	1.4185	2.6405
1	1.5232	2.6405
1	1.628	2.6405
1	1.7327	2.6405
1	1.8374	2.6405
1	1.9421	2.6405
1	2.0468	2.6405
1	2.1516	2.6405
1	2.2563	2.6405
1	2.361	2.6405
1	2.4657	2.6405
1	2.5704	2.6405
1	2.6752	2.6405
1	2.7799	2.6405
1	2.8846	2.6405
1	2.9893	2.6405
1	3.094	2.6405
1	3.1988	2.6405
1	3.3035	2.6405
1	3.4082	2.6405
1	3.5129	2.6405
1	3.6176	2.6405
1	3.7224	2.6405
1	3.8271	2.6405
1	3.9318	2.6405
1	4.0365	2.6405
1	4.1412	2.6405
1	4.246	2.6405
1	4.3507	2.6405
1	4.4554	2.6405
1	4.5601	2.6405
1	4.6648	2.6405
1	4.7696	2.6405
1	4.8743	2.6405
1	4.979	2.6405
1	5.0837	2.6405
1	5.1884	2.6405
1	5.2932	2.6405
1	5.3979	2.6405
1	5.5026	2.6405
1	5.6073	2.6405
1	5.712	2.6405
1	5.8167	2.6405
1	5.9215	2.6405
1	6.0262	2.6405
1	6.1309	2.6405
1	6.2531	2.6903
1	0.086252	2.6903
1	0.20261	2.6903
1	0.31896	2.6903
1	0.43532	2.6903
1	0.55167	2.6903
1	0.66803	2.6903
1	0.78438	2.6903
1	0.90074	2.6903
1	1.0171	2.6903
1	1.1334	2.6903
1	1.2498	2.6903
1	1.3662	2.6903
1	1.4825	2.6903
1	1.5989	2.6903
1	1.7152	2.6903
1	1.8316	2.6903
1	1.9479	2.6903
1	2.0643	2.6903
1	2.1806	2.6903
1	2.297	2.6903
1	2.4134	2.6903
1	2.5297	2.6903
1	2.6461	2.6903
1	2.7624	2.6903
1	2.8788	2.6903
1	2.9951	2.6903
1	3.1115	2.6903
1	3.2278	2.6903
1	3.3442	2.6903
1	3.4606	2.6903
1	3.5769	2.6903
1	3.6933	2.6903
1	3.8096	2.6903
1	3.926	2.6903
1	4.0423	2.6903
1	4.1587	2.6903
1	4.275	2.6903
1	4.3914	2.6903
1	4.5078	2.6903
1	4.6241	2.6903
1	4.7405	2.6903
1	4.8568	2.6903
1	4.9732	2.6903
1	5.0895	2.6903
1	5.2059	2.6903
1	5.3222	2.6903
1	5.4386	2.6903
1	5.5549	2.6903
1	5.6713	2.6903
1	5.7877	2.6903
1	5.904	2.6903
1	6.0204	2.6903
1	6.1367	2.6903
1	6.2661	2.7401
1	0.11118	2.7401
1	0.23941	2.7401
1	0.36764	2.7401
1	0.49587	2.7401
1	0.6241	2.7401
1	0.75233	2.7401
1	0.88055	2.7401
1	1.0088	2.7401
1	1.137	2.7401
1	1.2652	2.7401
1	1.3935	2.7401
1	1.5217	2.7401
1	1.6499	2.7401
1	1.7782	2.7401
1	1.9064	2.7401
1	2.0346	2.7401
1	2.1628	2.7401
1	2.2911	2.7401
1	2.4193	2.7401
1	2.5475	2.7401
1	2.6758	2.7401
1	2.804	2.7401
1	2.9322	2.7401
1	3.0604	2.7401
1	3.1887	2.7401
1	3.3169	2.7401
1	3.4451	2.7401
1	3.5733	2.7401
1	3.7016	2.7401
1	3.8298	2.7401
1	3.958	2.7401
1	4.0863	2.7401
1	4.2145	2.7401
1	4.3427	2.7401
1	4.4709	2.7401
1	4.5992	2.7401
1	4.7274	2.7401
1	4.8556	2.7401
1	4.9839	2.7401
1	5.1121	2.7401
1	5.2403	2.7401
1	5.3685	2.7401
1	5.4968	2.7401
1	5.625	2.7401
1	5.7532	2.7401
1	5.8815	2.7401
1	6.0097	2.7401
1	6.1379	2.7401
1	0.0023399	2.7902
1	0.14846	2.7902
1	0.29458	2.7902
1	0.4407	2.7902
1	0.58682	2.7902
1	0.73294	2.7902
1	0.87906	2.7902
1	1.0252	2.7902
1	1.1713	2.7902
1	1.3174	2.7902
1	1.4635	2.7902
1	1.6097	2.7902
1	1.7558	2.7902
1	1.9019	2.7902
1	2.048	2.7902
1	2.1941	2.7902
1	2.3403	2.7902
1	2.4864	2.7902
1	2.6325	2.7902
1	2.7786	2.7902
1	2.9248	2.7902
1	3.0709	2.7902
1	3.217	2.7902
1	3.3631	2.7902
1	3.5092	2.7902
1	3.6554	2.7902
1	3.8015	2.7902
1	3.9476	2.7902
1	4.0937	2.7902
1	4.2398	2.7902
1	4.386	2.7902
1	4.5321	2.7902
1	4.6782	2.7902
1	4.8243	2.7902
1	4.9704	2.7902
1	5.1166	2.7902
1	5.2627	2.7902
1	5.4088	2.7902
1	5.5549	2.7902
1	5.701	2.7902
1	5.8472	2.7902
1	5.9933	2.7902
1	6.1394	2.7902
1	0.02801	2.8401
1	0.19783	2.8401
1	0.36764	2.8401
1	0.53746	2.8401
1	0.70727	2.8401
1	0.87709	2.8401
1	1.0469	2.8401
1	1.2167	2.8401
1	1.3865	2.8401
1	1.5564	2.8401
1	1.7262	2.8401
1	1.896	2.8401
1	2.0658	2.8401
1	2.2356	2.8401
1	2.4054	2.8401
1	2.5752	2.8401
1	2.7451	2.8401
1	2.9149	2.8401
1	3.0847	2.8401
1	3.2545	2.8401
1	3.4243	2.8401
1	3.5941	2.8401
1	3.764	2.8401
1	3.9338	2.8401
1	4.1036	2.8401
1	4.2734	2.8401
1	4.4432	2.8401
1	4.613	2.8401
1	4.7829	2.8401
1	4.9527	2.8401
1	5.1225	2.8401
1	5.2923	2.8401
1	5.4621	2.8401
1	5.6319	2.8401
1	5.8017	2.8401
1	5.9716	2.8401
1	6.1414	2.8401
1	0.063616	2.8899
1	0.2663	2.8899
1	0.46898	2.8899
1	0.67167	2.8899
1	0.87435	2.8899
1	1.077	2.8899
1	1.2797	2.8899
1	1.4824	2.8899
1	1.6851	2.8899
1	1.8878	2.8899
1	2.0905	2.8899
1	2.2931	2.8899
1	2.4958	2.8899
1	2.6985	2.8899
1	2.9012	2.8899
1	3.1039	2.8899
1	3.3066	2.8899
1	3.5092	2.8899
1	3.7119	2.8899
1	3.9146	2.8899
1	4.1173	2.8899
1	4.32	2.8899
1	4.5227	2.8899
1	4.7253	2.8899
1	4.928	2.8899
1	5.1307	2.8899
1	5.3334	2.8899
1	5.5361	2.8899
1	5.7388	2.8899
1	5.9414	2.8899
1	6.1441	2.8899
1	0.11631	2.9398
1	0.36764	2.9398
1	0.61897	2.9398
1	0.8703	2.9398
1	1.1216	2.9398
1	1.373	2.9398
1	1.6243	2.9398
1	1.8756	2.9398
1	2.1269	2.9398
1	2.3783	2.9398
1	2.6296	2.9398
1	2.8809	2.9398
1	3.1322	2.9398
1	3.3836	2.9398
1	3.6349	2.9398
1	3.8862	2.9398
1	4.1376	2.9398
1	4.3889	2.9398
1	4.6402	2.9398
1	4.8915	2.9398
1	5.1429	2.9398
1	5.3942	2.9398
1	5.6455	2.9398
1	5.8968	2.9398
1	6.1482	2.9398
1	0.20229	2.9899
1	0.53299	2.9899
1	0.86368	2.9899
1	1.1944	2.9899
1	1.5251	2.9899
1	1.8558	2.9899
1	2.1865	2.9899
1	2.5172	2.9899
1	2.8478	2.9899
1	3.1785	2.9899
1	3.5092	2.9899
1	3.8399	2.9899
1	4.1706	2.9899
1	4.5013	2.9899
1	4.832	2.9899
1	5.1627	2.9899
1	5.4934	2.9899
1	5.8241	2.9899
1	6.1548	2.9899
1	0.40898	3.0383
1	0.93258	3.0383
1	1.4562	3.0383
1	1.9798	3.0383
1	2.5034	3.0383
1	3.027	3.0383
1	3.5506	3.0383
1	4.0742	3.0383
1	4.5978	3.0383
1	5.1214	3.0383
1	5.645	3.0383
1	6.1686	3.0383
1	0.82038	3.0874
1	1.718	3.0874
1	2.6156	3.0874
1	3.5132	3.0874
1	4.4108	3.0874
1	5.3084	3.0874
1	6.206	3.0874
1	0	3.1416
